G3dErrFileVersion 2018P3.1
FlagFileMetaData Begin
   Mesh Size - Setup1, Refinement, Pass #1, Freq. 9.800000e+07 :Title    
   Listing of mesh elements with poor quality. :ToolTip  
   hf3d :Author   
   1749669056 :TimeStamp
FlagFileMetaData End
BEGIN_ERR 
26 Small mesh segment detected on body : Volume_Diel
 Small mesh segment detected on body : Volume_Diel 
 Segment Statistics - Number of Segments : 1 --- Segment length(s) : 0.006039mm. The cutoff frequency for S-Matrix Only Solve is 496.387728433976kHz 
2 -1  7  # nfids, fids[]
2 6  -1  # nbids, bids[]
      4 2 1 0 #ntets ntri ned npts
          -3.8085428908254841e+01  -1.3975207284437827e-01   2.6030006955059296e+01 #xyz tv0
          -3.8108500000000021e+01   0.0000000000000000e+00   2.6023296664085755e+01 #xyz tv1
          -3.8085434261129784e+01  -1.3971964805148607e-01   2.6023967562817582e+01 #xyz tv2
          -3.5132443533074138e+01  -1.4704450692639067e+01   2.6171752986790523e+01 -1 6 #xyz tv3 fid bid
          -3.8085428908254841e+01  -1.3975207284437827e-01   2.6030006955059296e+01 #xyz tv0
          -3.8085434261129784e+01  -1.3971964805148607e-01   2.6023967562817582e+01 #xyz tv1
          -3.8108500000000021e+01   0.0000000000000000e+00   2.6023296664085755e+01 #xyz tv2
          -5.1778969194899986e+01  -1.6711105753353107e-14   3.9135267414750132e+01 -1 6 #xyz tv3 fid bid
          -3.8085428908254841e+01  -1.3975207284437827e-01   2.6030006955059296e+01 #xyz tv0
          -3.5206532014680676e+01  -1.4586196600497162e+01   2.6093879810155450e+01 #xyz tv1
          -3.5132443533074138e+01  -1.4704450692639067e+01   2.6171752986790523e+01 #xyz tv2
          -3.8085434261129784e+01  -1.3971964805148607e-01   2.6023967562817582e+01 -1 6 #xyz tv3 fid bid
          -3.8085428908254841e+01  -1.3975207284437827e-01   2.6030006955059296e+01 #xyz tv0
          -5.1778969194899986e+01  -1.6711105753353107e-14   3.9135267414750132e+01 #xyz tv1
          -3.5206532014680676e+01  -1.4586196600497162e+01   2.6093879810155450e+01 #xyz tv2
          -3.8085434261129784e+01  -1.3971964805148607e-01   2.6023967562817582e+01 -1 6 #xyz tv3 fid bid
          -3.8108500000000021e+01   0.0000000000000000e+00   2.6023296664085755e+01 #xyz tv0
          -3.8085428908254841e+01  -1.3975207284437827e-01   2.6030006955059296e+01 #xyz tv1
          -3.8085434261129784e+01  -1.3971964805148607e-01   2.6023967562817582e+01 7 -1 #xyz tv2 fid bid
          -3.8085428908254841e+01  -1.3975207284437827e-01   2.6030006955059296e+01 #xyz tv0
          -3.5206532014680676e+01  -1.4586196600497162e+01   2.6093879810155450e+01 #xyz tv1
          -3.8085434261129784e+01  -1.3971964805148607e-01   2.6023967562817582e+01 7 -1 #xyz tv2 fid bid
          -3.8085428908254841e+01  -1.3975207284437827e-01   2.6030006955059296e+01 #xyz ev0
          -3.8085434261129784e+01  -1.3971964805148607e-01   2.6023967562817582e+01 -1 6 #xyz ev1 fid bid
   0   0.000000000000e+00   0.000000000000e+00   0.000000000000e+00 #flag location
END_ERR 
BEGIN_ERR 
26 Small mesh segment detected on body : Volume_Diel
 Small mesh segment detected on body : Volume_Diel 
 Segment Statistics - Number of Segments : 1 --- Segment length(s) : 0.011346mm. The cutoff frequency for S-Matrix Only Solve is 264.217581014662kHz 
2 -1  62  # nfids, fids[]
2 6  -1  # nbids, bids[]
      4 2 1 0 #ntets ntri ned npts
           1.1727697758612806e+02   1.7952616861562785e+02   2.2810949828006528e+03 #xyz tv0
           1.1220906143262516e+02   1.8370089477538130e+02   2.2883165959299999e+03 #xyz tv1
           1.1761428000685500e+02   1.7921683705455450e+02   2.2813935104800012e+03 #xyz tv2
           1.1727102021854952e+02   1.7951651450586667e+02   2.2810947608472234e+03 -1 6 #xyz tv3 fid bid
           1.1727102021854952e+02   1.7951651450586667e+02   2.2810947608472234e+03 #xyz tv0
           1.1761428000685500e+02   1.7921683705455450e+02   2.2813935104800012e+03 #xyz tv1
           1.1727697758612806e+02   1.7952616861562785e+02   2.2810949828006528e+03 #xyz tv2
           1.1554861696518202e+02   1.7907560254822261e+02   2.2687177382217815e+03 -1 6 #xyz tv3 fid bid
           1.1220906143262516e+02   1.8370089477538130e+02   2.2883165959299999e+03 #xyz tv0
           1.1727697758612806e+02   1.7952616861562785e+02   2.2810949828006528e+03 #xyz tv1
           1.1325126730632687e+02   1.8336911415465781e+02   2.2775671227639787e+03 #xyz tv2
           1.1727102021854952e+02   1.7951651450586667e+02   2.2810947608472234e+03 -1 6 #xyz tv3 fid bid
           1.1727102021854952e+02   1.7951651450586667e+02   2.2810947608472234e+03 #xyz tv0
           1.1727697758612806e+02   1.7952616861562785e+02   2.2810949828006528e+03 #xyz tv1
           1.1325126730632687e+02   1.8336911415465781e+02   2.2775671227639787e+03 #xyz tv2
           1.1554861696518202e+02   1.7907560254822261e+02   2.2687177382217815e+03 -1 6 #xyz tv3 fid bid
           1.1761428000685500e+02   1.7921683705455450e+02   2.2813935104800012e+03 #xyz tv0
           1.1727697758612806e+02   1.7952616861562785e+02   2.2810949828006528e+03 #xyz tv1
           1.1727102021854952e+02   1.7951651450586667e+02   2.2810947608472234e+03 62 -1 #xyz tv2 fid bid
           1.1727102021854952e+02   1.7951651450586667e+02   2.2810947608472234e+03 #xyz tv0
           1.1727697758612806e+02   1.7952616861562785e+02   2.2810949828006528e+03 #xyz tv1
           1.1325126730632687e+02   1.8336911415465781e+02   2.2775671227639787e+03 62 -1 #xyz tv2 fid bid
           1.1727697758612806e+02   1.7952616861562785e+02   2.2810949828006528e+03 #xyz ev0
           1.1727102021854952e+02   1.7951651450586667e+02   2.2810947608472234e+03 -1 6 #xyz ev1 fid bid
   0   0.000000000000e+00   0.000000000000e+00   0.000000000000e+00 #flag location
END_ERR 
BEGIN_ERR 
26 Small mesh segment detected on body : Volume_Diel
 Small mesh segment detected on body : Volume_Diel 
 Segment Statistics - Number of Segments : 1 --- Segment length(s) : 0.011346mm. The cutoff frequency for S-Matrix Only Solve is 264.217581014492kHz 
2 -1  83  # nfids, fids[]
2 6  -1  # nbids, bids[]
      4 2 1 0 #ntets ntri ned npts
          -1.1727697758612810e+02  -1.7952616861562791e+02   2.2810949828006528e+03 #xyz tv0
          -1.1220906143262518e+02  -1.8370089477538147e+02   2.2883165959299999e+03 #xyz tv1
          -1.1761428000685501e+02  -1.7921683705455453e+02   2.2813935104800012e+03 #xyz tv2
          -1.1727102021854955e+02  -1.7951651450586672e+02   2.2810947608472234e+03 -1 6 #xyz tv3 fid bid
          -1.1727102021854955e+02  -1.7951651450586672e+02   2.2810947608472234e+03 #xyz tv0
          -1.1761428000685501e+02  -1.7921683705455453e+02   2.2813935104800012e+03 #xyz tv1
          -1.1727697758612810e+02  -1.7952616861562791e+02   2.2810949828006528e+03 #xyz tv2
          -1.1712957265940956e+02  -1.7605987831005322e+02   2.2669121217237530e+03 -1 6 #xyz tv3 fid bid
          -1.1220906143262518e+02  -1.8370089477538147e+02   2.2883165959299999e+03 #xyz tv0
          -1.1727697758612810e+02  -1.7952616861562791e+02   2.2810949828006528e+03 #xyz tv1
          -1.1325126730632692e+02  -1.8336911415465786e+02   2.2775671227639787e+03 #xyz tv2
          -1.1727102021854955e+02  -1.7951651450586672e+02   2.2810947608472234e+03 -1 6 #xyz tv3 fid bid
          -1.1727102021854955e+02  -1.7951651450586672e+02   2.2810947608472234e+03 #xyz tv0
          -1.1727697758612810e+02  -1.7952616861562791e+02   2.2810949828006528e+03 #xyz tv1
          -1.1325126730632692e+02  -1.8336911415465786e+02   2.2775671227639787e+03 #xyz tv2
          -1.1712957265940956e+02  -1.7605987831005322e+02   2.2669121217237530e+03 -1 6 #xyz tv3 fid bid
          -1.1325126730632692e+02  -1.8336911415465786e+02   2.2775671227639787e+03 #xyz tv0
          -1.1727102021854955e+02  -1.7951651450586672e+02   2.2810947608472234e+03 #xyz tv1
          -1.1727697758612810e+02  -1.7952616861562791e+02   2.2810949828006528e+03 83 -1 #xyz tv2 fid bid
          -1.1727102021854955e+02  -1.7951651450586672e+02   2.2810947608472234e+03 #xyz tv0
          -1.1761428000685501e+02  -1.7921683705455453e+02   2.2813935104800012e+03 #xyz tv1
          -1.1727697758612810e+02  -1.7952616861562791e+02   2.2810949828006528e+03 83 -1 #xyz tv2 fid bid
          -1.1727102021854955e+02  -1.7951651450586672e+02   2.2810947608472234e+03 #xyz ev0
          -1.1727697758612810e+02  -1.7952616861562791e+02   2.2810949828006528e+03 -1 6 #xyz ev1 fid bid
   0   0.000000000000e+00   0.000000000000e+00   0.000000000000e+00 #flag location
END_ERR 
BEGIN_ERR 
26 Small mesh segment detected on body : Condutor_Unico
 Small mesh segment detected on body : Condutor_Unico 
 Segment Statistics - Number of Segments : 1 --- Segment length(s) : 0.022347mm. The cutoff frequency for S-Matrix Only Solve is 134.154023606275kHz 
2 -1  34  # nfids, fids[]
2 15  -1  # nbids, bids[]
      4 2 1 0 #ntets ntri ned npts
          -2.9190245160000000e+01   1.2090995430000000e+01   1.6063808544928527e+03 #xyz tv0
          -1.9553492952656264e+01   2.1385087765852191e+01   1.6145375145550613e+03 #xyz tv1
          -2.2341246420000001e+01   2.2341246420000001e+01   1.6182490193977806e+03 #xyz tv2
          -2.2341246420000001e+01   2.2341246420000001e+01   1.6182266725124662e+03 -1 15 #xyz tv3 fid bid
          -1.9553492952656264e+01   2.1385087765852191e+01   1.6145375145550613e+03 #xyz tv0
          -2.2235071913143297e+01   2.2443281643061304e+01   1.6183934205591158e+03 #xyz tv1
          -2.2341246420000001e+01   2.2341246420000001e+01   1.6182490193977806e+03 #xyz tv2
          -2.2341246420000001e+01   2.2341246420000001e+01   1.6182266725124662e+03 -1 15 #xyz tv3 fid bid
          -2.2341246420000001e+01   2.2341246420000001e+01   1.6182266725124662e+03 #xyz tv0
          -2.9190245160000000e+01   1.2090995430000000e+01   1.6063808544928527e+03 #xyz tv1
          -3.0563294026187929e+01   2.2052004681611738e+01   1.6159516700262895e+03 #xyz tv2
          -2.2341246420000001e+01   2.2341246420000001e+01   1.6182490193977806e+03 -1 15 #xyz tv3 fid bid
          -3.0563294026187929e+01   2.2052004681611738e+01   1.6159516700262895e+03 #xyz tv0
          -2.2235071913143297e+01   2.2443281643061304e+01   1.6183934205591158e+03 #xyz tv1
          -2.2341246420000001e+01   2.2341246420000001e+01   1.6182266725124662e+03 #xyz tv2
          -2.2341246420000001e+01   2.2341246420000001e+01   1.6182490193977806e+03 -1 15 #xyz tv3 fid bid
          -2.2341246420000001e+01   2.2341246420000001e+01   1.6182490193977806e+03 #xyz tv0
          -2.2341246420000001e+01   2.2341246420000001e+01   1.6182266725124662e+03 #xyz tv1
          -2.2235071913143297e+01   2.2443281643061304e+01   1.6183934205591158e+03 34 -1 #xyz tv2 fid bid
          -2.9190245160000000e+01   1.2090995430000000e+01   1.6063808544928527e+03 #xyz tv0
          -2.2341246420000001e+01   2.2341246420000001e+01   1.6182266725124662e+03 #xyz tv1
          -2.2341246420000001e+01   2.2341246420000001e+01   1.6182490193977806e+03 34 -1 #xyz tv2 fid bid
          -2.2341246420000001e+01   2.2341246420000001e+01   1.6182490193977806e+03 #xyz ev0
          -2.2341246420000001e+01   2.2341246420000001e+01   1.6182266725124662e+03 -1 15 #xyz ev1 fid bid
   0   0.000000000000e+00   0.000000000000e+00   0.000000000000e+00 #flag location
END_ERR 
BEGIN_ERR 
26 Small mesh segment detected on body : Volume_Diel
 Small mesh segment detected on body : Volume_Diel 
 Segment Statistics - Number of Segments : 1 --- Segment length(s) : 0.023249mm. The cutoff frequency for S-Matrix Only Solve is 128.947706086041kHz 
2 -1  133  # nfids, fids[]
2 6  -1  # nbids, bids[]
      4 2 1 0 #ntets ntri ned npts
           1.0880739302941490e+02  -1.7596326189139930e+02   2.3097612377151959e+03 #xyz tv0
           1.1253743922058243e+02  -1.7184559107956190e+02   2.3063656905796565e+03 #xyz tv1
           1.0779026348661051e+02  -1.7604731222417527e+02   2.2989674966299999e+03 #xyz tv2
           1.1254964603913396e+02  -1.7186537262981480e+02   2.3063652357906572e+03 -1 6 #xyz tv3 fid bid
           1.0779026348661051e+02  -1.7604731222417527e+02   2.2989674966299999e+03 #xyz tv0
           1.1254964603913396e+02  -1.7186537262981480e+02   2.3063652357906572e+03 #xyz tv1
           1.1253743922058243e+02  -1.7184559107956190e+02   2.3063656905796565e+03 #xyz tv2
           1.1306906555474878e+02  -1.7134429469262551e+02   2.3058905820900000e+03 -1 6 #xyz tv3 fid bid
           1.1254964603913396e+02  -1.7186537262981480e+02   2.3063652357906572e+03 #xyz tv0
           1.1253743922058243e+02  -1.7184559107956190e+02   2.3063656905796565e+03 #xyz tv1
           1.1660805699859989e+02  -1.7291588431725364e+02   2.3109554910012189e+03 #xyz tv2
           1.0880739302941490e+02  -1.7596326189139930e+02   2.3097612377151959e+03 -1 6 #xyz tv3 fid bid
           1.1253743922058243e+02  -1.7184559107956190e+02   2.3063656905796565e+03 #xyz tv0
           1.1254964603913396e+02  -1.7186537262981480e+02   2.3063652357906572e+03 #xyz tv1
           1.1660805699859989e+02  -1.7291588431725364e+02   2.3109554910012189e+03 #xyz tv2
           1.1306906555474878e+02  -1.7134429469262551e+02   2.3058905820900000e+03 -1 6 #xyz tv3 fid bid
           1.1254964603913396e+02  -1.7186537262981480e+02   2.3063652357906572e+03 #xyz tv0
           1.1253743922058243e+02  -1.7184559107956190e+02   2.3063656905796565e+03 #xyz tv1
           1.1306906555474878e+02  -1.7134429469262551e+02   2.3058905820900000e+03 133 -1 #xyz tv2 fid bid
           1.1254964603913396e+02  -1.7186537262981480e+02   2.3063652357906572e+03 #xyz tv0
           1.0880739302941490e+02  -1.7596326189139930e+02   2.3097612377151959e+03 #xyz tv1
           1.1253743922058243e+02  -1.7184559107956190e+02   2.3063656905796565e+03 133 -1 #xyz tv2 fid bid
           1.1254964603913396e+02  -1.7186537262981480e+02   2.3063652357906572e+03 #xyz ev0
           1.1253743922058243e+02  -1.7184559107956190e+02   2.3063656905796565e+03 -1 6 #xyz ev1 fid bid
   0   0.000000000000e+00   0.000000000000e+00   0.000000000000e+00 #flag location
END_ERR 
BEGIN_ERR 
26 Small mesh segment detected on body : Condutor_Unico
 Small mesh segment detected on body : Condutor_Unico 
 Segment Statistics - Number of Segments : 1 --- Segment length(s) : 0.023875mm. The cutoff frequency for S-Matrix Only Solve is 125.567699605704kHz 
2 -1  34  # nfids, fids[]
2 15  -1  # nbids, bids[]
      3 2 1 0 #ntets ntri ned npts
           2.9190245160000000e+01  -1.2090995430000000e+01   1.6064427122286286e+03 #xyz tv0
           2.2341246420000001e+01  -2.2341246420000001e+01   1.6182258880152956e+03 #xyz tv1
           2.2235071913143297e+01  -2.2443281643061304e+01   1.6183934205591158e+03 #xyz tv2
           2.2341246420000001e+01  -2.2341246420000001e+01   1.6182497629814645e+03 -1 15 #xyz tv3 fid bid
           2.7032260774649323e+01  -2.6860913132474362e+01   1.6185115544724540e+03 #xyz tv0
           2.2235071913143297e+01  -2.2443281643061304e+01   1.6183934205591158e+03 #xyz tv1
           2.2341246420000001e+01  -2.2341246420000001e+01   1.6182258880152956e+03 #xyz tv2
           2.2341246420000001e+01  -2.2341246420000001e+01   1.6182497629814645e+03 -1 15 #xyz tv3 fid bid
           2.9190245160000000e+01  -1.2090995430000000e+01   1.6064427122286286e+03 #xyz tv0
           2.7032260774649323e+01  -2.6860913132474362e+01   1.6185115544724540e+03 #xyz tv1
           2.2341246420000001e+01  -2.2341246420000001e+01   1.6182258880152956e+03 #xyz tv2
           2.2341246420000001e+01  -2.2341246420000001e+01   1.6182497629814645e+03 -1 15 #xyz tv3 fid bid
           2.2235071913143297e+01  -2.2443281643061304e+01   1.6183934205591158e+03 #xyz tv0
           2.2341246420000001e+01  -2.2341246420000001e+01   1.6182497629814645e+03 #xyz tv1
           2.2341246420000001e+01  -2.2341246420000001e+01   1.6182258880152956e+03 34 -1 #xyz tv2 fid bid
           2.9190245160000000e+01  -1.2090995430000000e+01   1.6064427122286286e+03 #xyz tv0
           2.2341246420000001e+01  -2.2341246420000001e+01   1.6182258880152956e+03 #xyz tv1
           2.2341246420000001e+01  -2.2341246420000001e+01   1.6182497629814645e+03 34 -1 #xyz tv2 fid bid
           2.2341246420000001e+01  -2.2341246420000001e+01   1.6182497629814645e+03 #xyz ev0
           2.2341246420000001e+01  -2.2341246420000001e+01   1.6182258880152956e+03 -1 15 #xyz ev1 fid bid
   0   0.000000000000e+00   0.000000000000e+00   0.000000000000e+00 #flag location
END_ERR 
G3dErrFileVersion 2018P3.1
FlagFileMetaData Begin
   Mesh Size - Setup1, Refinement, Pass #2, Freq. 9.800000e+07 :Title    
   Listing of mesh elements with poor quality. :ToolTip  
   hf3d :Author   
   1749669062 :TimeStamp
FlagFileMetaData End
BEGIN_ERR 
26 Small mesh segment detected on body : Volume_Diel
 Small mesh segment detected on body : Volume_Diel 
 Segment Statistics - Number of Segments : 1 --- Segment length(s) : 0.006039mm. The cutoff frequency for S-Matrix Only Solve is 496.387728433976kHz 
2 -1  7  # nfids, fids[]
2 6  -1  # nbids, bids[]
      4 2 1 0 #ntets ntri ned npts
          -3.8085428908254841e+01  -1.3975207284437827e-01   2.6030006955059296e+01 #xyz tv0
          -3.8108500000000028e+01   0.0000000000000000e+00   2.6023296664085755e+01 #xyz tv1
          -3.8085434261129784e+01  -1.3971964805148607e-01   2.6023967562817582e+01 #xyz tv2
          -3.5132443533074138e+01  -1.4704450692639069e+01   2.6171752986790523e+01 -1 6 #xyz tv3 fid bid
          -3.8085428908254841e+01  -1.3975207284437827e-01   2.6030006955059296e+01 #xyz tv0
          -3.8085434261129784e+01  -1.3971964805148607e-01   2.6023967562817582e+01 #xyz tv1
          -3.8108500000000028e+01   0.0000000000000000e+00   2.6023296664085755e+01 #xyz tv2
          -5.1778969194899986e+01  -1.6711105753353107e-14   3.9135267414750132e+01 -1 6 #xyz tv3 fid bid
          -3.8085428908254841e+01  -1.3975207284437827e-01   2.6030006955059296e+01 #xyz tv0
          -3.5206532014680676e+01  -1.4586196600497164e+01   2.6093879810155450e+01 #xyz tv1
          -3.5132443533074138e+01  -1.4704450692639069e+01   2.6171752986790523e+01 #xyz tv2
          -3.8085434261129784e+01  -1.3971964805148607e-01   2.6023967562817582e+01 -1 6 #xyz tv3 fid bid
          -3.8085428908254841e+01  -1.3975207284437827e-01   2.6030006955059296e+01 #xyz tv0
          -5.1778969194899986e+01  -1.6711105753353107e-14   3.9135267414750132e+01 #xyz tv1
          -3.5206532014680676e+01  -1.4586196600497164e+01   2.6093879810155450e+01 #xyz tv2
          -3.8085434261129784e+01  -1.3971964805148607e-01   2.6023967562817582e+01 -1 6 #xyz tv3 fid bid
          -3.8108500000000028e+01   0.0000000000000000e+00   2.6023296664085755e+01 #xyz tv0
          -3.8085428908254841e+01  -1.3975207284437827e-01   2.6030006955059296e+01 #xyz tv1
          -3.8085434261129784e+01  -1.3971964805148607e-01   2.6023967562817582e+01 7 -1 #xyz tv2 fid bid
          -3.8085428908254841e+01  -1.3975207284437827e-01   2.6030006955059296e+01 #xyz tv0
          -3.5206532014680676e+01  -1.4586196600497164e+01   2.6093879810155450e+01 #xyz tv1
          -3.8085434261129784e+01  -1.3971964805148607e-01   2.6023967562817582e+01 7 -1 #xyz tv2 fid bid
          -3.8085428908254841e+01  -1.3975207284437827e-01   2.6030006955059296e+01 #xyz ev0
          -3.8085434261129784e+01  -1.3971964805148607e-01   2.6023967562817582e+01 -1 6 #xyz ev1 fid bid
   0   0.000000000000e+00   0.000000000000e+00   0.000000000000e+00 #flag location
END_ERR 
BEGIN_ERR 
26 Small mesh segment detected on body : Volume_Diel
 Small mesh segment detected on body : Volume_Diel 
 Segment Statistics - Number of Segments : 1 --- Segment length(s) : 0.011346mm. The cutoff frequency for S-Matrix Only Solve is 264.217581014112kHz 
2 -1  62  # nfids, fids[]
2 6  -1  # nbids, bids[]
      4 2 1 0 #ntets ntri ned npts
           1.1727697758612806e+02   1.7952616861562788e+02   2.2810949828006528e+03 #xyz tv0
           1.1220906143262518e+02   1.8370089477538130e+02   2.2883165959299999e+03 #xyz tv1
           1.1761428000685500e+02   1.7921683705455453e+02   2.2813935104800012e+03 #xyz tv2
           1.1727102021854952e+02   1.7951651450586667e+02   2.2810947608472234e+03 -1 6 #xyz tv3 fid bid
           1.1727102021854952e+02   1.7951651450586667e+02   2.2810947608472234e+03 #xyz tv0
           1.1761428000685500e+02   1.7921683705455453e+02   2.2813935104800012e+03 #xyz tv1
           1.1727697758612806e+02   1.7952616861562788e+02   2.2810949828006528e+03 #xyz tv2
           1.1554861696518202e+02   1.7907560254822261e+02   2.2687177382217815e+03 -1 6 #xyz tv3 fid bid
           1.1220906143262518e+02   1.8370089477538130e+02   2.2883165959299999e+03 #xyz tv0
           1.1727697758612806e+02   1.7952616861562788e+02   2.2810949828006528e+03 #xyz tv1
           1.1325126730632687e+02   1.8336911415465781e+02   2.2775671227639787e+03 #xyz tv2
           1.1727102021854952e+02   1.7951651450586667e+02   2.2810947608472234e+03 -1 6 #xyz tv3 fid bid
           1.1727102021854952e+02   1.7951651450586667e+02   2.2810947608472234e+03 #xyz tv0
           1.1727697758612806e+02   1.7952616861562788e+02   2.2810949828006528e+03 #xyz tv1
           1.1325126730632687e+02   1.8336911415465781e+02   2.2775671227639787e+03 #xyz tv2
           1.1554861696518202e+02   1.7907560254822261e+02   2.2687177382217815e+03 -1 6 #xyz tv3 fid bid
           1.1761428000685500e+02   1.7921683705455453e+02   2.2813935104800012e+03 #xyz tv0
           1.1727697758612806e+02   1.7952616861562788e+02   2.2810949828006528e+03 #xyz tv1
           1.1727102021854952e+02   1.7951651450586667e+02   2.2810947608472234e+03 62 -1 #xyz tv2 fid bid
           1.1727102021854952e+02   1.7951651450586667e+02   2.2810947608472234e+03 #xyz tv0
           1.1727697758612806e+02   1.7952616861562788e+02   2.2810949828006528e+03 #xyz tv1
           1.1325126730632687e+02   1.8336911415465781e+02   2.2775671227639787e+03 62 -1 #xyz tv2 fid bid
           1.1727697758612806e+02   1.7952616861562788e+02   2.2810949828006528e+03 #xyz ev0
           1.1727102021854952e+02   1.7951651450586667e+02   2.2810947608472234e+03 -1 6 #xyz ev1 fid bid
   0   0.000000000000e+00   0.000000000000e+00   0.000000000000e+00 #flag location
END_ERR 
BEGIN_ERR 
26 Small mesh segment detected on body : Volume_Diel
 Small mesh segment detected on body : Volume_Diel 
 Segment Statistics - Number of Segments : 1 --- Segment length(s) : 0.011346mm. The cutoff frequency for S-Matrix Only Solve is 264.217581013942kHz 
2 -1  83  # nfids, fids[]
2 6  -1  # nbids, bids[]
      4 2 1 0 #ntets ntri ned npts
          -1.1727697758612810e+02  -1.7952616861562791e+02   2.2810949828006528e+03 #xyz tv0
          -1.1220906143262519e+02  -1.8370089477538147e+02   2.2883165959299999e+03 #xyz tv1
          -1.1761428000685501e+02  -1.7921683705455453e+02   2.2813935104800012e+03 #xyz tv2
          -1.1727102021854955e+02  -1.7951651450586672e+02   2.2810947608472234e+03 -1 6 #xyz tv3 fid bid
          -1.1727102021854955e+02  -1.7951651450586672e+02   2.2810947608472234e+03 #xyz tv0
          -1.1761428000685501e+02  -1.7921683705455453e+02   2.2813935104800012e+03 #xyz tv1
          -1.1727697758612810e+02  -1.7952616861562791e+02   2.2810949828006528e+03 #xyz tv2
          -1.1712957265940958e+02  -1.7605987831005325e+02   2.2669121217237530e+03 -1 6 #xyz tv3 fid bid
          -1.1220906143262519e+02  -1.8370089477538147e+02   2.2883165959299999e+03 #xyz tv0
          -1.1727697758612810e+02  -1.7952616861562791e+02   2.2810949828006528e+03 #xyz tv1
          -1.1325126730632692e+02  -1.8336911415465786e+02   2.2775671227639787e+03 #xyz tv2
          -1.1727102021854955e+02  -1.7951651450586672e+02   2.2810947608472234e+03 -1 6 #xyz tv3 fid bid
          -1.1727102021854955e+02  -1.7951651450586672e+02   2.2810947608472234e+03 #xyz tv0
          -1.1727697758612810e+02  -1.7952616861562791e+02   2.2810949828006528e+03 #xyz tv1
          -1.1325126730632692e+02  -1.8336911415465786e+02   2.2775671227639787e+03 #xyz tv2
          -1.1712957265940958e+02  -1.7605987831005325e+02   2.2669121217237530e+03 -1 6 #xyz tv3 fid bid
          -1.1325126730632692e+02  -1.8336911415465786e+02   2.2775671227639787e+03 #xyz tv0
          -1.1727102021854955e+02  -1.7951651450586672e+02   2.2810947608472234e+03 #xyz tv1
          -1.1727697758612810e+02  -1.7952616861562791e+02   2.2810949828006528e+03 83 -1 #xyz tv2 fid bid
          -1.1727102021854955e+02  -1.7951651450586672e+02   2.2810947608472234e+03 #xyz tv0
          -1.1761428000685501e+02  -1.7921683705455453e+02   2.2813935104800012e+03 #xyz tv1
          -1.1727697758612810e+02  -1.7952616861562791e+02   2.2810949828006528e+03 83 -1 #xyz tv2 fid bid
          -1.1727102021854955e+02  -1.7951651450586672e+02   2.2810947608472234e+03 #xyz ev0
          -1.1727697758612810e+02  -1.7952616861562791e+02   2.2810949828006528e+03 -1 6 #xyz ev1 fid bid
   0   0.000000000000e+00   0.000000000000e+00   0.000000000000e+00 #flag location
END_ERR 
BEGIN_ERR 
26 Small mesh segment detected on body : Condutor_Unico
 Small mesh segment detected on body : Condutor_Unico 
 Segment Statistics - Number of Segments : 1 --- Segment length(s) : 0.022347mm. The cutoff frequency for S-Matrix Only Solve is 134.154023606275kHz 
2 -1  34  # nfids, fids[]
2 15  -1  # nbids, bids[]
      4 2 1 0 #ntets ntri ned npts
          -2.9190245160000000e+01   1.2090995430000000e+01   1.6063808544928527e+03 #xyz tv0
          -1.9711591144793655e+01   2.1276576761283025e+01   1.6144082909949514e+03 #xyz tv1
          -2.2341246420000001e+01   2.2341246420000001e+01   1.6182490193977806e+03 #xyz tv2
          -2.2341246420000001e+01   2.2341246420000001e+01   1.6182266725124662e+03 -1 15 #xyz tv3 fid bid
          -1.9711591144793655e+01   2.1276576761283025e+01   1.6144082909949514e+03 #xyz tv0
          -2.2235071913143297e+01   2.2443281643061304e+01   1.6183934205591158e+03 #xyz tv1
          -2.2341246420000001e+01   2.2341246420000001e+01   1.6182490193977806e+03 #xyz tv2
          -2.2341246420000001e+01   2.2341246420000001e+01   1.6182266725124662e+03 -1 15 #xyz tv3 fid bid
          -2.2341246420000001e+01   2.2341246420000001e+01   1.6182266725124662e+03 #xyz tv0
          -2.9190245160000000e+01   1.2090995430000000e+01   1.6063808544928527e+03 #xyz tv1
          -3.0563294026187929e+01   2.2052004681611738e+01   1.6159516700262895e+03 #xyz tv2
          -2.2341246420000001e+01   2.2341246420000001e+01   1.6182490193977806e+03 -1 15 #xyz tv3 fid bid
          -3.0563294026187929e+01   2.2052004681611738e+01   1.6159516700262895e+03 #xyz tv0
          -2.2235071913143297e+01   2.2443281643061304e+01   1.6183934205591158e+03 #xyz tv1
          -2.2341246420000001e+01   2.2341246420000001e+01   1.6182266725124662e+03 #xyz tv2
          -2.2341246420000001e+01   2.2341246420000001e+01   1.6182490193977806e+03 -1 15 #xyz tv3 fid bid
          -2.2341246420000001e+01   2.2341246420000001e+01   1.6182490193977806e+03 #xyz tv0
          -2.2341246420000001e+01   2.2341246420000001e+01   1.6182266725124662e+03 #xyz tv1
          -2.2235071913143297e+01   2.2443281643061304e+01   1.6183934205591158e+03 34 -1 #xyz tv2 fid bid
          -2.9190245160000000e+01   1.2090995430000000e+01   1.6063808544928527e+03 #xyz tv0
          -2.2341246420000001e+01   2.2341246420000001e+01   1.6182266725124662e+03 #xyz tv1
          -2.2341246420000001e+01   2.2341246420000001e+01   1.6182490193977806e+03 34 -1 #xyz tv2 fid bid
          -2.2341246420000001e+01   2.2341246420000001e+01   1.6182490193977806e+03 #xyz ev0
          -2.2341246420000001e+01   2.2341246420000001e+01   1.6182266725124662e+03 -1 15 #xyz ev1 fid bid
   0   0.000000000000e+00   0.000000000000e+00   0.000000000000e+00 #flag location
END_ERR 
BEGIN_ERR 
26 Small mesh segment detected on body : Volume_Diel
 Small mesh segment detected on body : Volume_Diel 
 Segment Statistics - Number of Segments : 1 --- Segment length(s) : 0.023249mm. The cutoff frequency for S-Matrix Only Solve is 128.947706086041kHz 
2 -1  133  # nfids, fids[]
2 6  -1  # nbids, bids[]
      4 2 1 0 #ntets ntri ned npts
           1.0880739302941490e+02  -1.7596326189139930e+02   2.3097612377151959e+03 #xyz tv0
           1.1253743922058243e+02  -1.7184559107956190e+02   2.3063656905796565e+03 #xyz tv1
           1.0779026348661051e+02  -1.7604731222417527e+02   2.2989674966299999e+03 #xyz tv2
           1.1254964603913396e+02  -1.7186537262981480e+02   2.3063652357906572e+03 -1 6 #xyz tv3 fid bid
           1.0779026348661051e+02  -1.7604731222417527e+02   2.2989674966299999e+03 #xyz tv0
           1.1254964603913396e+02  -1.7186537262981480e+02   2.3063652357906572e+03 #xyz tv1
           1.1253743922058243e+02  -1.7184559107956190e+02   2.3063656905796565e+03 #xyz tv2
           1.1306906555474878e+02  -1.7134429469262551e+02   2.3058905820900000e+03 -1 6 #xyz tv3 fid bid
           1.1254964603913396e+02  -1.7186537262981480e+02   2.3063652357906572e+03 #xyz tv0
           1.1253743922058243e+02  -1.7184559107956190e+02   2.3063656905796565e+03 #xyz tv1
           1.1660805699859989e+02  -1.7291588431725364e+02   2.3109554910012189e+03 #xyz tv2
           1.0880739302941490e+02  -1.7596326189139930e+02   2.3097612377151959e+03 -1 6 #xyz tv3 fid bid
           1.1253743922058243e+02  -1.7184559107956190e+02   2.3063656905796565e+03 #xyz tv0
           1.1254964603913396e+02  -1.7186537262981480e+02   2.3063652357906572e+03 #xyz tv1
           1.1660805699859989e+02  -1.7291588431725364e+02   2.3109554910012189e+03 #xyz tv2
           1.1306906555474878e+02  -1.7134429469262551e+02   2.3058905820900000e+03 -1 6 #xyz tv3 fid bid
           1.1254964603913396e+02  -1.7186537262981480e+02   2.3063652357906572e+03 #xyz tv0
           1.1253743922058243e+02  -1.7184559107956190e+02   2.3063656905796565e+03 #xyz tv1
           1.1306906555474878e+02  -1.7134429469262551e+02   2.3058905820900000e+03 133 -1 #xyz tv2 fid bid
           1.1254964603913396e+02  -1.7186537262981480e+02   2.3063652357906572e+03 #xyz tv0
           1.0880739302941490e+02  -1.7596326189139930e+02   2.3097612377151959e+03 #xyz tv1
           1.1253743922058243e+02  -1.7184559107956190e+02   2.3063656905796565e+03 133 -1 #xyz tv2 fid bid
           1.1254964603913396e+02  -1.7186537262981480e+02   2.3063652357906572e+03 #xyz ev0
           1.1253743922058243e+02  -1.7184559107956190e+02   2.3063656905796565e+03 -1 6 #xyz ev1 fid bid
   0   0.000000000000e+00   0.000000000000e+00   0.000000000000e+00 #flag location
END_ERR 
BEGIN_ERR 
26 Small mesh segment detected on body : Condutor_Unico
 Small mesh segment detected on body : Condutor_Unico 
 Segment Statistics - Number of Segments : 1 --- Segment length(s) : 0.023875mm. The cutoff frequency for S-Matrix Only Solve is 125.567699605704kHz 
2 -1  34  # nfids, fids[]
2 15  -1  # nbids, bids[]
      4 2 1 0 #ntets ntri ned npts
           2.9190245160000000e+01  -1.2090995430000000e+01   1.6064427122286286e+03 #xyz tv0
           2.2341246420000001e+01  -2.2341246420000001e+01   1.6182258880152956e+03 #xyz tv1
           2.2235071913143297e+01  -2.2443281643061304e+01   1.6183934205591158e+03 #xyz tv2
           2.2341246420000001e+01  -2.2341246420000001e+01   1.6182497629814645e+03 -1 15 #xyz tv3 fid bid
           2.7032260774649323e+01  -2.6860913132474362e+01   1.6185115544724540e+03 #xyz tv0
           2.2235071913143297e+01  -2.2443281643061304e+01   1.6183934205591158e+03 #xyz tv1
           2.2341246420000001e+01  -2.2341246420000001e+01   1.6182258880152956e+03 #xyz tv2
           2.2341246420000001e+01  -2.2341246420000001e+01   1.6182497629814645e+03 -1 15 #xyz tv3 fid bid
           2.2341246420000001e+01  -2.2341246420000001e+01   1.6182258880152956e+03 #xyz tv0
           2.9439481731327511e+01  -2.3258166784959773e+01   1.6152185436917548e+03 #xyz tv1
           2.2341246420000001e+01  -2.2341246420000001e+01   1.6182497629814645e+03 #xyz tv2
           2.9190245160000000e+01  -1.2090995430000000e+01   1.6064427122286286e+03 -1 15 #xyz tv3 fid bid
           2.2341246420000001e+01  -2.2341246420000001e+01   1.6182258880152956e+03 #xyz tv0
           2.2341246420000001e+01  -2.2341246420000001e+01   1.6182497629814645e+03 #xyz tv1
           2.9439481731327511e+01  -2.3258166784959773e+01   1.6152185436917548e+03 #xyz tv2
           2.7032260774649323e+01  -2.6860913132474362e+01   1.6185115544724540e+03 -1 15 #xyz tv3 fid bid
           2.2235071913143297e+01  -2.2443281643061304e+01   1.6183934205591158e+03 #xyz tv0
           2.2341246420000001e+01  -2.2341246420000001e+01   1.6182497629814645e+03 #xyz tv1
           2.2341246420000001e+01  -2.2341246420000001e+01   1.6182258880152956e+03 34 -1 #xyz tv2 fid bid
           2.9190245160000000e+01  -1.2090995430000000e+01   1.6064427122286286e+03 #xyz tv0
           2.2341246420000001e+01  -2.2341246420000001e+01   1.6182258880152956e+03 #xyz tv1
           2.2341246420000001e+01  -2.2341246420000001e+01   1.6182497629814645e+03 34 -1 #xyz tv2 fid bid
           2.2341246420000001e+01  -2.2341246420000001e+01   1.6182497629814645e+03 #xyz ev0
           2.2341246420000001e+01  -2.2341246420000001e+01   1.6182258880152956e+03 -1 15 #xyz ev1 fid bid
   0   0.000000000000e+00   0.000000000000e+00   0.000000000000e+00 #flag location
END_ERR 
BEGIN_ERR 
26 Small mesh segment detected on body : Condutor_Unico
 Small mesh segment detected on body : Condutor_Unico 
 Segment Statistics - Number of Segments : 1 --- Segment length(s) : 0.040038mm. The cutoff frequency for S-Matrix Only Solve is 124.481772179328kHz 
2 -1  34  # nfids, fids[]
2 15  -1  # nbids, bids[]
      5 2 1 0 #ntets ntri ned npts
           2.2341246420000001e+01  -2.2341246420000001e+01   1.6440773936280088e+03 #xyz tv0
           9.3388755562970012e+00   3.9266147569271888e+00   1.6262879806321043e+03 #xyz tv1
           2.2341246420000001e+01  -2.2341246420000001e+01   1.6440373557171495e+03 #xyz tv2
           2.9190245160000000e+01  -1.2090995430000000e+01   1.6326296401047096e+03 -1 15 #xyz tv3 fid bid
           2.2341246420000001e+01  -2.2341246420000001e+01   1.6440773936280088e+03 #xyz tv0
           2.2341246420000001e+01  -2.2341246420000001e+01   1.6440373557171495e+03 #xyz tv1
           9.3388755562970012e+00   3.9266147569271888e+00   1.6262879806321043e+03 #xyz tv2
           2.2204289885230384e+01  -2.2472863613134503e+01   1.6442828347561237e+03 -1 15 #xyz tv3 fid bid
           2.9360586850881784e+01  -2.3376815525756811e+01   1.6373108574433388e+03 #xyz tv0
           2.2341246420000001e+01  -2.2341246420000001e+01   1.6440773936280088e+03 #xyz tv1
           2.2341246420000001e+01  -2.2341246420000001e+01   1.6440373557171495e+03 #xyz tv2
           2.9190245160000000e+01  -1.2090995430000000e+01   1.6326296401047096e+03 -1 15 #xyz tv3 fid bid
           2.7033359058228051e+01  -2.6859809919932054e+01   1.6393063950888450e+03 #xyz tv0
           2.2204289885230384e+01  -2.2472863613134503e+01   1.6442828347561237e+03 #xyz tv1
           2.2341246420000001e+01  -2.2341246420000001e+01   1.6440373557171495e+03 #xyz tv2
           2.2341246420000001e+01  -2.2341246420000001e+01   1.6440773936280088e+03 -1 15 #xyz tv3 fid bid
           2.9360586850881784e+01  -2.3376815525756811e+01   1.6373108574433388e+03 #xyz tv0
           2.2341246420000001e+01  -2.2341246420000001e+01   1.6440373557171495e+03 #xyz tv1
           2.2341246420000001e+01  -2.2341246420000001e+01   1.6440773936280088e+03 #xyz tv2
           2.7033359058228051e+01  -2.6859809919932054e+01   1.6393063950888450e+03 -1 15 #xyz tv3 fid bid
           2.2341246420000001e+01  -2.2341246420000001e+01   1.6440773936280088e+03 #xyz tv0
           2.2341246420000001e+01  -2.2341246420000001e+01   1.6440373557171495e+03 #xyz tv1
           2.2204289885230384e+01  -2.2472863613134503e+01   1.6442828347561237e+03 34 -1 #xyz tv2 fid bid
           2.9190245160000000e+01  -1.2090995430000000e+01   1.6326296401047096e+03 #xyz tv0
           2.2341246420000001e+01  -2.2341246420000001e+01   1.6440373557171495e+03 #xyz tv1
           2.2341246420000001e+01  -2.2341246420000001e+01   1.6440773936280088e+03 34 -1 #xyz tv2 fid bid
           2.2341246420000001e+01  -2.2341246420000001e+01   1.6440773936280088e+03 #xyz ev0
           2.2341246420000001e+01  -2.2341246420000001e+01   1.6440373557171495e+03 -1 15 #xyz ev1 fid bid
   0   0.000000000000e+00   0.000000000000e+00   0.000000000000e+00 #flag location
END_ERR 
