G3dErrFileVersion 2018P3.1
FlagFileMetaData Begin
   Mesh Size - Setup1, Refinement, Pass #1, Freq. 9.800000e+07 :Title    
   Listing of mesh elements with poor quality. :ToolTip  
   hf3d :Author   
   1749642666 :TimeStamp
FlagFileMetaData End
BEGIN_ERR 
26 Small mesh segment detected on body : Volume_Diel
 Small mesh segment detected on body : Volume_Diel 
 Segment Statistics - Number of Segments : 1 --- Segment length(s) : 0.058639mm. The cutoff frequency for S-Matrix Only Solve is 186.722658268992kHz 
2 -1  95  # nfids, fids[]
2 6  -1  # nbids, bids[]
      5 2 1 0 #ntets ntri ned npts
           8.0844825399999998e+00   1.9517667400000001e+01   0.0000000000000000e+00 #xyz tv0
           1.4526876483956912e+01   3.5223277224515549e+01   1.1694242846127688e+01 #xyz tv1
           1.4582917559999999e+01   3.5206277350000001e+01   1.1691244056487530e+01 #xyz tv2
           1.4582917559999999e+01   3.5206277350000001e+01   2.3382488112975061e+01 -1 6 #xyz tv3 fid bid
           8.0844825399999998e+00   1.9517667400000001e+01   0.0000000000000000e+00 #xyz tv0
           1.4582917559999999e+01   3.5206277350000001e+01   1.1691244056487530e+01 #xyz tv1
           1.4526876483956912e+01   3.5223277224515549e+01   1.1694242846127688e+01 #xyz tv2
           7.2914587799999993e+00   2.8166024154999999e+01   0.0000000000000000e+00 -1 6 #xyz tv3 fid bid
           1.4582917559999999e+01   3.5206277350000001e+01   1.1691244056487530e+01 #xyz tv0
           1.4526876483956912e+01   3.5223277224515549e+01   1.1694242846127688e+01 #xyz tv1
           3.1798803483488168e+01   5.7280742115668481e+01   2.6401846216375763e+01 #xyz tv2
           1.4582917559999999e+01   3.5206277350000001e+01   2.3382488112975061e+01 -1 6 #xyz tv3 fid bid
           1.4582917559999999e+01   3.5206277350000001e+01   1.1691244056487530e+01 #xyz tv0
           1.4526876483956912e+01   3.5223277224515549e+01   1.1694242846127688e+01 #xyz tv1
           7.2914587799999993e+00   2.8166024154999999e+01   0.0000000000000000e+00 #xyz tv2
           1.4582917559999999e+01   3.5206277350000001e+01   0.0000000000000000e+00 -1 6 #xyz tv3 fid bid
           1.4582917559999999e+01   3.5206277350000001e+01   1.1691244056487530e+01 #xyz tv0
           3.1798803483488168e+01   5.7280742115668481e+01   2.6401846216375763e+01 #xyz tv1
           1.4526876483956912e+01   3.5223277224515549e+01   1.1694242846127688e+01 #xyz tv2
           1.4582917559999999e+01   3.5206277350000001e+01   0.0000000000000000e+00 -1 6 #xyz tv3 fid bid
           1.4582917559999999e+01   3.5206277350000001e+01   1.1691244056487530e+01 #xyz tv0
           1.4526876483956912e+01   3.5223277224515549e+01   1.1694242846127688e+01 #xyz tv1
           1.4582917559999999e+01   3.5206277350000001e+01   0.0000000000000000e+00 95 -1 #xyz tv2 fid bid
           1.4582917559999999e+01   3.5206277350000001e+01   1.1691244056487530e+01 #xyz tv0
           1.4582917559999999e+01   3.5206277350000001e+01   2.3382488112975061e+01 #xyz tv1
           1.4526876483956912e+01   3.5223277224515549e+01   1.1694242846127688e+01 95 -1 #xyz tv2 fid bid
           1.4582917559999999e+01   3.5206277350000001e+01   1.1691244056487530e+01 #xyz ev0
           1.4526876483956912e+01   3.5223277224515549e+01   1.1694242846127688e+01 -1 6 #xyz ev1 fid bid
   0   0.000000000000e+00   0.000000000000e+00   0.000000000000e+00 #flag location
END_ERR 
BEGIN_ERR 
26 Small mesh segment detected on body : Volume_Diel
 Small mesh segment detected on body : Volume_Diel 
 Segment Statistics - Number of Segments : 1 --- Segment length(s) : 0.064915mm. The cutoff frequency for S-Matrix Only Solve is 186.722658268992kHz 
2 -1  95  # nfids, fids[]
2 6  -1  # nbids, bids[]
      4 2 1 0 #ntets ntri ned npts
          -1.9517667400000001e+01  -8.0844825399999998e+00   3.7344935905189352e+01 #xyz tv0
          -3.5241245418753991e+01  -1.4467643285573450e+01   2.4054594490989210e+01 #xyz tv1
          -3.8097651637316055e+01  -9.4915519119287181e-02   1.9045133838607821e+01 #xyz tv2
          -3.8097619773756414e+01  -9.5239035269323258e-02   1.9110048495700429e+01 -1 6 #xyz tv3 fid bid
          -3.8097651637316055e+01  -9.4915519119287181e-02   1.9045133838607821e+01 #xyz tv0
          -3.5241245418753991e+01  -1.4467643285573450e+01   2.4054594490989210e+01 #xyz tv1
          -5.7810307123845107e+01  -1.2053173300524474e+01   2.5451884989103092e+01 #xyz tv2
          -3.8097619773756414e+01  -9.5239035269323258e-02   1.9110048495700429e+01 -1 6 #xyz tv3 fid bid
          -1.9517667400000001e+01  -8.0844825399999998e+00   3.7344935905189352e+01 #xyz tv0
          -3.8097651637316055e+01  -9.4915519119287181e-02   1.9045133838607821e+01 #xyz tv1
          -3.8106999999999999e+01   0.0000000000000000e+00   1.9065899509750128e+01 #xyz tv2
          -3.8097619773756414e+01  -9.5239035269323258e-02   1.9110048495700429e+01 -1 6 #xyz tv3 fid bid
          -3.8097651637316055e+01  -9.4915519119287181e-02   1.9045133838607821e+01 #xyz tv0
          -3.8097619773756414e+01  -9.5239035269323258e-02   1.9110048495700429e+01 #xyz tv1
          -5.7810307123845107e+01  -1.2053173300524474e+01   2.5451884989103092e+01 #xyz tv2
          -3.8106999999999999e+01   0.0000000000000000e+00   1.9065899509750128e+01 -1 6 #xyz tv3 fid bid
          -3.8097619773756414e+01  -9.5239035269323258e-02   1.9110048495700429e+01 #xyz tv0
          -3.8097651637316055e+01  -9.4915519119287181e-02   1.9045133838607821e+01 #xyz tv1
          -3.8106999999999999e+01   0.0000000000000000e+00   1.9065899509750128e+01 95 -1 #xyz tv2 fid bid
          -3.5241245418753991e+01  -1.4467643285573450e+01   2.4054594490989210e+01 #xyz tv0
          -3.8097651637316055e+01  -9.4915519119287181e-02   1.9045133838607821e+01 #xyz tv1
          -3.8097619773756414e+01  -9.5239035269323258e-02   1.9110048495700429e+01 95 -1 #xyz tv2 fid bid
          -3.8097619773756414e+01  -9.5239035269323258e-02   1.9110048495700429e+01 #xyz ev0
          -3.8097651637316055e+01  -9.4915519119287181e-02   1.9045133838607821e+01 -1 6 #xyz ev1 fid bid
   0   0.000000000000e+00   0.000000000000e+00   0.000000000000e+00 #flag location
END_ERR 
BEGIN_ERR 
26 Small mesh segment detected on body : Volume_Diel
 Small mesh segment detected on body : Volume_Diel 
 Segment Statistics - Number of Segments : 1 --- Segment length(s) : 0.064915mm. The cutoff frequency for S-Matrix Only Solve is 186.722658268992kHz 
2 -1  95  # nfids, fids[]
2 6  -1  # nbids, bids[]
      6 2 1 0 #ntets ntri ned npts
           8.0844825399999998e+00  -1.9517667400000001e+01   0.0000000000000000e+00 #xyz tv0
           9.5239035269323258e-02  -3.8097619773756414e+01   1.9110048495700429e+01 #xyz tv1
           1.4505822846879555e+01  -3.5229663775482841e+01   1.6087562214005420e+01 #xyz tv2
           9.4915519119283004e-02  -3.8097651637316055e+01   1.9045133838607285e+01 -1 6 #xyz tv3 fid bid
           9.5239035269323258e-02  -3.8097619773756414e+01   1.9110048495700429e+01 #xyz tv0
           9.4915519119283004e-02  -3.8097651637316055e+01   1.9045133838607285e+01 #xyz tv1
           1.7847190606655559e+01  -5.4329096359949588e+01   2.1315925867984749e+01 #xyz tv2
           1.4505822846879555e+01  -3.5229663775482841e+01   1.6087562214005420e+01 -1 6 #xyz tv3 fid bid
           0.0000000000000000e+00  -2.1125770959999997e+01   0.0000000000000000e+00 #xyz tv0
           9.4915519119283004e-02  -3.8097651637316055e+01   1.9045133838607285e+01 #xyz tv1
           9.5239035269323258e-02  -3.8097619773756414e+01   1.9110048495700429e+01 #xyz tv2
           8.0844825399999998e+00  -1.9517667400000001e+01   0.0000000000000000e+00 -1 6 #xyz tv3 fid bid
           0.0000000000000000e+00  -3.8106999999999999e+01   1.9065899509750128e+01 #xyz tv0
           1.7847190606655559e+01  -5.4329096359949588e+01   2.1315925867984749e+01 #xyz tv1
           9.5239035269323258e-02  -3.8097619773756414e+01   1.9110048495700429e+01 #xyz tv2
           9.4915519119283004e-02  -3.8097651637316055e+01   1.9045133838607285e+01 -1 6 #xyz tv3 fid bid
          -8.0844825399999998e+00  -1.9517667400000001e+01   0.0000000000000000e+00 #xyz tv0
           9.4915519119283004e-02  -3.8097651637316055e+01   1.9045133838607285e+01 #xyz tv1
           9.5239035269323258e-02  -3.8097619773756414e+01   1.9110048495700429e+01 #xyz tv2
           0.0000000000000000e+00  -2.1125770959999997e+01   0.0000000000000000e+00 -1 6 #xyz tv3 fid bid
          -8.0844825399999998e+00  -1.9517667400000001e+01   0.0000000000000000e+00 #xyz tv0
           9.5239035269323258e-02  -3.8097619773756414e+01   1.9110048495700429e+01 #xyz tv1
           9.4915519119283004e-02  -3.8097651637316055e+01   1.9045133838607285e+01 #xyz tv2
           0.0000000000000000e+00  -3.8106999999999999e+01   1.9065899509750128e+01 -1 6 #xyz tv3 fid bid
           9.4915519119283004e-02  -3.8097651637316055e+01   1.9045133838607285e+01 #xyz tv0
           9.5239035269323258e-02  -3.8097619773756414e+01   1.9110048495700429e+01 #xyz tv1
           1.4505822846879555e+01  -3.5229663775482841e+01   1.6087562214005420e+01 95 -1 #xyz tv2 fid bid
           9.5239035269323258e-02  -3.8097619773756414e+01   1.9110048495700429e+01 #xyz tv0
           9.4915519119283004e-02  -3.8097651637316055e+01   1.9045133838607285e+01 #xyz tv1
           0.0000000000000000e+00  -3.8106999999999999e+01   1.9065899509750128e+01 95 -1 #xyz tv2 fid bid
           9.4915519119283004e-02  -3.8097651637316055e+01   1.9045133838607285e+01 #xyz ev0
           9.5239035269323258e-02  -3.8097619773756414e+01   1.9110048495700429e+01 -1 6 #xyz ev1 fid bid
   0   0.000000000000e+00   0.000000000000e+00   0.000000000000e+00 #flag location
END_ERR 
G3dErrFileVersion 2018P3.1
FlagFileMetaData Begin
   Mesh Size - Setup1, Refinement, Pass #2, Freq. 9.800000e+07 :Title    
   Listing of mesh elements with poor quality. :ToolTip  
   hf3d :Author   
   1749642670 :TimeStamp
FlagFileMetaData End
BEGIN_ERR 
26 Small mesh segment detected on body : Volume_Diel
 Small mesh segment detected on body : Volume_Diel 
 Segment Statistics - Number of Segments : 1 --- Segment length(s) : 0.058639mm. The cutoff frequency for S-Matrix Only Solve is 186.722658268992kHz 
2 -1  95  # nfids, fids[]
2 6  -1  # nbids, bids[]
      5 2 1 0 #ntets ntri ned npts
           8.0844825399999998e+00   1.9517667400000001e+01   0.0000000000000000e+00 #xyz tv0
           1.4526876483956912e+01   3.5223277224515549e+01   1.1694242846127688e+01 #xyz tv1
           1.4582917559999999e+01   3.5206277350000001e+01   1.1691244056487530e+01 #xyz tv2
           1.4582917559999999e+01   3.5206277350000001e+01   2.3382488112975061e+01 -1 6 #xyz tv3 fid bid
           8.0844825399999998e+00   1.9517667400000001e+01   0.0000000000000000e+00 #xyz tv0
           1.4582917559999999e+01   3.5206277350000001e+01   1.1691244056487530e+01 #xyz tv1
           1.4526876483956912e+01   3.5223277224515549e+01   1.1694242846127688e+01 #xyz tv2
           7.2914587799999993e+00   2.8166024154999999e+01   0.0000000000000000e+00 -1 6 #xyz tv3 fid bid
           1.4582917559999999e+01   3.5206277350000001e+01   1.1691244056487530e+01 #xyz tv0
           1.4526876483956912e+01   3.5223277224515549e+01   1.1694242846127688e+01 #xyz tv1
           3.1798803483488168e+01   5.7280742115668481e+01   2.6401846216375763e+01 #xyz tv2
           1.4582917559999999e+01   3.5206277350000001e+01   2.3382488112975061e+01 -1 6 #xyz tv3 fid bid
           1.4582917559999999e+01   3.5206277350000001e+01   1.1691244056487530e+01 #xyz tv0
           1.4526876483956912e+01   3.5223277224515549e+01   1.1694242846127688e+01 #xyz tv1
           7.2914587799999993e+00   2.8166024154999999e+01   0.0000000000000000e+00 #xyz tv2
           1.4582917559999999e+01   3.5206277350000001e+01   0.0000000000000000e+00 -1 6 #xyz tv3 fid bid
           1.4582917559999999e+01   3.5206277350000001e+01   1.1691244056487530e+01 #xyz tv0
           3.1798803483488168e+01   5.7280742115668481e+01   2.6401846216375763e+01 #xyz tv1
           1.4526876483956912e+01   3.5223277224515549e+01   1.1694242846127688e+01 #xyz tv2
           1.4582917559999999e+01   3.5206277350000001e+01   0.0000000000000000e+00 -1 6 #xyz tv3 fid bid
           1.4582917559999999e+01   3.5206277350000001e+01   1.1691244056487530e+01 #xyz tv0
           1.4526876483956912e+01   3.5223277224515549e+01   1.1694242846127688e+01 #xyz tv1
           1.4582917559999999e+01   3.5206277350000001e+01   0.0000000000000000e+00 95 -1 #xyz tv2 fid bid
           1.4582917559999999e+01   3.5206277350000001e+01   1.1691244056487530e+01 #xyz tv0
           1.4582917559999999e+01   3.5206277350000001e+01   2.3382488112975061e+01 #xyz tv1
           1.4526876483956912e+01   3.5223277224515549e+01   1.1694242846127688e+01 95 -1 #xyz tv2 fid bid
           1.4582917559999999e+01   3.5206277350000001e+01   1.1691244056487530e+01 #xyz ev0
           1.4526876483956912e+01   3.5223277224515549e+01   1.1694242846127688e+01 -1 6 #xyz ev1 fid bid
   0   0.000000000000e+00   0.000000000000e+00   0.000000000000e+00 #flag location
END_ERR 
BEGIN_ERR 
26 Small mesh segment detected on body : Volume_Diel
 Small mesh segment detected on body : Volume_Diel 
 Segment Statistics - Number of Segments : 1 --- Segment length(s) : 0.064915mm. The cutoff frequency for S-Matrix Only Solve is 186.722658268992kHz 
2 -1  95  # nfids, fids[]
2 6  -1  # nbids, bids[]
      4 2 1 0 #ntets ntri ned npts
          -1.9517667400000001e+01  -8.0844825399999998e+00   3.7344935905189352e+01 #xyz tv0
          -3.5241245418753991e+01  -1.4467643285573450e+01   2.4054594490989210e+01 #xyz tv1
          -3.8097651637316055e+01  -9.4915519119287181e-02   1.9045133838607821e+01 #xyz tv2
          -3.8097619773756414e+01  -9.5239035269323258e-02   1.9110048495700429e+01 -1 6 #xyz tv3 fid bid
          -3.8097651637316055e+01  -9.4915519119287181e-02   1.9045133838607821e+01 #xyz tv0
          -3.5241245418753991e+01  -1.4467643285573450e+01   2.4054594490989210e+01 #xyz tv1
          -5.7810307123845107e+01  -1.2053173300524474e+01   2.5451884989103092e+01 #xyz tv2
          -3.8097619773756414e+01  -9.5239035269323258e-02   1.9110048495700429e+01 -1 6 #xyz tv3 fid bid
          -1.9517667400000001e+01  -8.0844825399999998e+00   3.7344935905189352e+01 #xyz tv0
          -3.8097651637316055e+01  -9.4915519119287181e-02   1.9045133838607821e+01 #xyz tv1
          -3.8106999999999999e+01   0.0000000000000000e+00   1.9065899509750128e+01 #xyz tv2
          -3.8097619773756414e+01  -9.5239035269323258e-02   1.9110048495700429e+01 -1 6 #xyz tv3 fid bid
          -3.8097651637316055e+01  -9.4915519119287181e-02   1.9045133838607821e+01 #xyz tv0
          -3.8097619773756414e+01  -9.5239035269323258e-02   1.9110048495700429e+01 #xyz tv1
          -5.7810307123845107e+01  -1.2053173300524474e+01   2.5451884989103092e+01 #xyz tv2
          -3.8106999999999999e+01   0.0000000000000000e+00   1.9065899509750128e+01 -1 6 #xyz tv3 fid bid
          -3.8097619773756414e+01  -9.5239035269323258e-02   1.9110048495700429e+01 #xyz tv0
          -3.8097651637316055e+01  -9.4915519119287181e-02   1.9045133838607821e+01 #xyz tv1
          -3.8106999999999999e+01   0.0000000000000000e+00   1.9065899509750128e+01 95 -1 #xyz tv2 fid bid
          -3.5241245418753991e+01  -1.4467643285573450e+01   2.4054594490989210e+01 #xyz tv0
          -3.8097651637316055e+01  -9.4915519119287181e-02   1.9045133838607821e+01 #xyz tv1
          -3.8097619773756414e+01  -9.5239035269323258e-02   1.9110048495700429e+01 95 -1 #xyz tv2 fid bid
          -3.8097619773756414e+01  -9.5239035269323258e-02   1.9110048495700429e+01 #xyz ev0
          -3.8097651637316055e+01  -9.4915519119287181e-02   1.9045133838607821e+01 -1 6 #xyz ev1 fid bid
   0   0.000000000000e+00   0.000000000000e+00   0.000000000000e+00 #flag location
END_ERR 
BEGIN_ERR 
26 Small mesh segment detected on body : Volume_Diel
 Small mesh segment detected on body : Volume_Diel 
 Segment Statistics - Number of Segments : 1 --- Segment length(s) : 0.064915mm. The cutoff frequency for S-Matrix Only Solve is 186.722658268992kHz 
2 -1  95  # nfids, fids[]
2 6  -1  # nbids, bids[]
      6 2 1 0 #ntets ntri ned npts
           8.0844825399999998e+00  -1.9517667400000001e+01   0.0000000000000000e+00 #xyz tv0
           9.5239035269323258e-02  -3.8097619773756414e+01   1.9110048495700429e+01 #xyz tv1
           1.4505822846879555e+01  -3.5229663775482841e+01   1.6087562214005420e+01 #xyz tv2
           9.4915519119283004e-02  -3.8097651637316055e+01   1.9045133838607285e+01 -1 6 #xyz tv3 fid bid
           9.5239035269323258e-02  -3.8097619773756414e+01   1.9110048495700429e+01 #xyz tv0
           9.4915519119283004e-02  -3.8097651637316055e+01   1.9045133838607285e+01 #xyz tv1
           1.7847190606655559e+01  -5.4329096359949588e+01   2.1315925867984749e+01 #xyz tv2
           1.4505822846879555e+01  -3.5229663775482841e+01   1.6087562214005420e+01 -1 6 #xyz tv3 fid bid
           0.0000000000000000e+00  -2.1125770959999997e+01   0.0000000000000000e+00 #xyz tv0
           9.4915519119283004e-02  -3.8097651637316055e+01   1.9045133838607285e+01 #xyz tv1
           9.5239035269323258e-02  -3.8097619773756414e+01   1.9110048495700429e+01 #xyz tv2
           8.0844825399999998e+00  -1.9517667400000001e+01   0.0000000000000000e+00 -1 6 #xyz tv3 fid bid
           0.0000000000000000e+00  -3.8106999999999999e+01   1.9065899509750128e+01 #xyz tv0
           1.7847190606655559e+01  -5.4329096359949588e+01   2.1315925867984749e+01 #xyz tv1
           9.5239035269323258e-02  -3.8097619773756414e+01   1.9110048495700429e+01 #xyz tv2
           9.4915519119283004e-02  -3.8097651637316055e+01   1.9045133838607285e+01 -1 6 #xyz tv3 fid bid
          -8.0844825399999998e+00  -1.9517667400000001e+01   0.0000000000000000e+00 #xyz tv0
           9.4915519119283004e-02  -3.8097651637316055e+01   1.9045133838607285e+01 #xyz tv1
           9.5239035269323258e-02  -3.8097619773756414e+01   1.9110048495700429e+01 #xyz tv2
           0.0000000000000000e+00  -2.1125770959999997e+01   0.0000000000000000e+00 -1 6 #xyz tv3 fid bid
          -8.0844825399999998e+00  -1.9517667400000001e+01   0.0000000000000000e+00 #xyz tv0
           9.5239035269323258e-02  -3.8097619773756414e+01   1.9110048495700429e+01 #xyz tv1
           9.4915519119283004e-02  -3.8097651637316055e+01   1.9045133838607285e+01 #xyz tv2
           0.0000000000000000e+00  -3.8106999999999999e+01   1.9065899509750128e+01 -1 6 #xyz tv3 fid bid
           9.4915519119283004e-02  -3.8097651637316055e+01   1.9045133838607285e+01 #xyz tv0
           9.5239035269323258e-02  -3.8097619773756414e+01   1.9110048495700429e+01 #xyz tv1
           1.4505822846879555e+01  -3.5229663775482841e+01   1.6087562214005420e+01 95 -1 #xyz tv2 fid bid
           9.5239035269323258e-02  -3.8097619773756414e+01   1.9110048495700429e+01 #xyz tv0
           9.4915519119283004e-02  -3.8097651637316055e+01   1.9045133838607285e+01 #xyz tv1
           0.0000000000000000e+00  -3.8106999999999999e+01   1.9065899509750128e+01 95 -1 #xyz tv2 fid bid
           9.4915519119283004e-02  -3.8097651637316055e+01   1.9045133838607285e+01 #xyz ev0
           9.5239035269323258e-02  -3.8097619773756414e+01   1.9110048495700429e+01 -1 6 #xyz ev1 fid bid
   0   0.000000000000e+00   0.000000000000e+00   0.000000000000e+00 #flag location
END_ERR 
BEGIN_ERR 
26 Small mesh segment detected on body : Condutor_Unico
 Small mesh segment detected on body : Condutor_Unico 
 Segment Statistics - Number of Segments : 1 --- Segment length(s) : 0.074624mm. The cutoff frequency for S-Matrix Only Solve is 186.722658268992kHz 
2 -1  25  # nfids, fids[]
2 15  -1  # nbids, bids[]
      4 2 1 0 #ntets ntri ned npts
           2.6213439520000001e+01  -1.0857962170000000e+01   7.7119557685270638e+02 #xyz tv0
           2.6246775839340994e+01  -1.0729279453971326e+01   7.7718007182974168e+02 #xyz tv1
           1.9517667400000001e+01  -8.0844825399999998e+00   7.6454734875999998e+02 #xyz tv2
           2.6230912923133740e+01  -1.0790512462954853e+01   7.7116885549014034e+02 -1 15 #xyz tv3 fid bid
           2.6213439520000001e+01  -1.0857962170000000e+01   7.6454734875999998e+02 #xyz tv0
           2.6213439520000001e+01  -1.0857962170000000e+01   7.7119557685270638e+02 #xyz tv1
           1.9517667400000001e+01  -8.0844825399999998e+00   7.6454734875999998e+02 #xyz tv2
           2.6230912923133740e+01  -1.0790512462954853e+01   7.7116885549014034e+02 -1 15 #xyz tv3 fid bid
           3.6321287654812323e+01  -1.0907221176261604e+01   7.6701750171641697e+02 #xyz tv0
           2.6246775839340994e+01  -1.0729279453971326e+01   7.7718007182974168e+02 #xyz tv1
           2.6213439520000001e+01  -1.0857962170000000e+01   7.7119557685270638e+02 #xyz tv2
           2.6230912923133740e+01  -1.0790512462954853e+01   7.7116885549014034e+02 -1 15 #xyz tv3 fid bid
           3.6321287654812323e+01  -1.0907221176261604e+01   7.6701750171641697e+02 #xyz tv0
           2.6230912923133740e+01  -1.0790512462954853e+01   7.7116885549014034e+02 #xyz tv1
           2.6213439520000001e+01  -1.0857962170000000e+01   7.7119557685270638e+02 #xyz tv2
           2.6213439520000001e+01  -1.0857962170000000e+01   7.6454734875999998e+02 -1 15 #xyz tv3 fid bid
           2.6213439520000001e+01  -1.0857962170000000e+01   7.7119557685270638e+02 #xyz tv0
           2.6230912923133740e+01  -1.0790512462954853e+01   7.7116885549014034e+02 #xyz tv1
           2.6213439520000001e+01  -1.0857962170000000e+01   7.6454734875999998e+02 25 -1 #xyz tv2 fid bid
           2.6213439520000001e+01  -1.0857962170000000e+01   7.7119557685270638e+02 #xyz tv0
           2.6246775839340994e+01  -1.0729279453971326e+01   7.7718007182974168e+02 #xyz tv1
           2.6230912923133740e+01  -1.0790512462954853e+01   7.7116885549014034e+02 25 -1 #xyz tv2 fid bid
           2.6213439520000001e+01  -1.0857962170000000e+01   7.7119557685270638e+02 #xyz ev0
           2.6230912923133740e+01  -1.0790512462954853e+01   7.7116885549014034e+02 -1 15 #xyz ev1 fid bid
   0   0.000000000000e+00   0.000000000000e+00   0.000000000000e+00 #flag location
END_ERR 
