G3dErrFileVersion 2018P3.1
FlagFileMetaData Begin
   Mesh Size - Setup1, Refinement, Pass #1, Freq. 1.000000e+09 :Title    
   Listing of mesh elements with poor quality. :ToolTip  
   hf3d :Author   
   1749643771 :TimeStamp
FlagFileMetaData End
BEGIN_ERR 
26 Small mesh segment detected on body : Condutor_Unico
 Small mesh segment detected on body : Condutor_Unico 
 Segment Statistics - Number of Segments : 1 --- Segment length(s) : 0.002356mm. The cutoff frequency for S-Matrix Only Solve is 1.27236540276069MHz 
2 -1  61  # nfids, fids[]
2 15  -1  # nbids, bids[]
      4 2 1 0 #ntets ntri ned npts
           3.6105091646095602e+01  -1.3922182616442986e+00   3.0088104978891676e+02 #xyz tv0
           3.6107447471152192e+01  -1.3921954740086857e+00   3.0088108389302408e+02 #xyz tv1
           3.6523992378634091e+01   1.3066103600000001e+00   3.0100917106999998e+02 #xyz tv2
           3.5700392093890322e+01  -1.7307941325714498e+00   3.0033181053036742e+02 -1 15 #xyz tv3 fid bid
           3.6105091646095602e+01  -1.3922182616442986e+00   3.0088104978891676e+02 #xyz tv0
           3.6523992378634091e+01   1.3066103600000001e+00   3.0100917106999998e+02 #xyz tv1
           3.6107447471152192e+01  -1.3921954740086857e+00   3.0088108389302408e+02 #xyz tv2
           3.6036850547675137e+01  -1.3066103600000001e+00   3.0100917106999998e+02 -1 15 #xyz tv3 fid bid
           3.6588345446093747e+01  -2.7141813154687502e+00   3.0119545409484397e+02 #xyz tv0
           3.6105091646095602e+01  -1.3922182616442986e+00   3.0088104978891676e+02 #xyz tv1
           3.5700392093890322e+01  -1.7307941325714498e+00   3.0033181053036742e+02 #xyz tv2
           3.6107447471152192e+01  -1.3921954740086857e+00   3.0088108389302408e+02 -1 15 #xyz tv3 fid bid
           3.6588345446093747e+01  -2.7141813154687502e+00   3.0119545409484397e+02 #xyz tv0
           3.6107447471152192e+01  -1.3921954740086857e+00   3.0088108389302408e+02 #xyz tv1
           3.6036850547675137e+01  -1.3066103600000001e+00   3.0100917106999998e+02 #xyz tv2
           3.6105091646095602e+01  -1.3922182616442986e+00   3.0088104978891676e+02 -1 15 #xyz tv3 fid bid
           3.6105091646095602e+01  -1.3922182616442986e+00   3.0088104978891676e+02 #xyz tv0
           3.6107447471152192e+01  -1.3921954740086857e+00   3.0088108389302408e+02 #xyz tv1
           3.5700392093890322e+01  -1.7307941325714498e+00   3.0033181053036742e+02 61 -1 #xyz tv2 fid bid
           3.6036850547675137e+01  -1.3066103600000001e+00   3.0100917106999998e+02 #xyz tv0
           3.6107447471152192e+01  -1.3921954740086857e+00   3.0088108389302408e+02 #xyz tv1
           3.6105091646095602e+01  -1.3922182616442986e+00   3.0088104978891676e+02 61 -1 #xyz tv2 fid bid
           3.6105091646095602e+01  -1.3922182616442986e+00   3.0088104978891676e+02 #xyz ev0
           3.6107447471152192e+01  -1.3921954740086857e+00   3.0088108389302408e+02 -1 15 #xyz ev1 fid bid
   0   0.000000000000e+00   0.000000000000e+00   0.000000000000e+00 #flag location
END_ERR 
BEGIN_ERR 
26 Small mesh segment detected on body : Volume_Diel
 Small mesh segment detected on body : Volume_Diel 
 Segment Statistics - Number of Segments : 1 --- Segment length(s) : 0.003499mm. The cutoff frequency for S-Matrix Only Solve is 952.666623822601kHz 
2 -1  156  # nfids, fids[]
2 6  -1  # nbids, bids[]
      4 2 1 0 #ntets ntri ned npts
          -7.8267337542667432e+00  -3.3044867927077330e+00   1.3068783408602277e+01 #xyz tv0
          -7.8267267280363333e+00  -3.3045006291149721e+00   1.3072282506178349e+01 #xyz tv1
          -5.9167368753395753e+00  -6.0746513523915757e+00   1.0787515716796978e+01 #xyz tv2
          -6.0398330984481055e+00  -5.9764052267746628e+00   1.0870219045336460e+01 -1 6 #xyz tv3 fid bid
          -7.8267337542667432e+00  -3.3044867927077330e+00   1.3068783408602277e+01 #xyz tv0
          -5.9167368753395753e+00  -6.0746513523915757e+00   1.0787515716796978e+01 #xyz tv1
          -7.8267267280363333e+00  -3.3045006291149721e+00   1.3072282506178349e+01 #xyz tv2
          -7.8529760299999998e+00  -3.2528091799999999e+00   1.3115411981163419e+01 -1 6 #xyz tv3 fid bid
          -6.0398330984481055e+00  -5.9764052267746628e+00   1.0870219045336460e+01 #xyz tv0
          -7.8267267280363333e+00  -3.3045006291149721e+00   1.3072282506178349e+01 #xyz tv1
          -1.4981099547812507e+01  -5.4283626309375004e+00   1.0778053339687505e+01 #xyz tv2
          -7.8267337542667432e+00  -3.3044867927077330e+00   1.3068783408602277e+01 -1 6 #xyz tv3 fid bid
          -1.4981099547812507e+01  -5.4283626309375004e+00   1.0778053339687505e+01 #xyz tv0
          -7.8267267280363333e+00  -3.3045006291149721e+00   1.3072282506178349e+01 #xyz tv1
          -7.8529760299999998e+00  -3.2528091799999999e+00   1.3115411981163419e+01 #xyz tv2
          -7.8267337542667432e+00  -3.3044867927077330e+00   1.3068783408602277e+01 -1 6 #xyz tv3 fid bid
          -7.8529760299999998e+00  -3.2528091799999999e+00   1.3115411981163419e+01 #xyz tv0
          -7.8267267280363333e+00  -3.3045006291149721e+00   1.3072282506178349e+01 #xyz tv1
          -7.8267337542667432e+00  -3.3044867927077330e+00   1.3068783408602277e+01 156 -1 #xyz tv2 fid bid
          -7.8267337542667432e+00  -3.3044867927077330e+00   1.3068783408602277e+01 #xyz tv0
          -7.8267267280363333e+00  -3.3045006291149721e+00   1.3072282506178349e+01 #xyz tv1
          -6.0398330984481055e+00  -5.9764052267746628e+00   1.0870219045336460e+01 156 -1 #xyz tv2 fid bid
          -7.8267267280363333e+00  -3.3045006291149721e+00   1.3072282506178349e+01 #xyz ev0
          -7.8267337542667432e+00  -3.3044867927077330e+00   1.3068783408602277e+01 -1 6 #xyz ev1 fid bid
   0   0.000000000000e+00   0.000000000000e+00   0.000000000000e+00 #flag location
END_ERR 
BEGIN_ERR 
26 Small mesh segment detected on body : Volume_Diel
 Small mesh segment detected on body : Volume_Diel 
 Segment Statistics - Number of Segments : 1 --- Segment length(s) : 0.006510mm. The cutoff frequency for S-Matrix Only Solve is 952.666623822601kHz 
2 -1  106  # nfids, fids[]
2 6  -1  # nbids, bids[]
      6 2 1 0 #ntets ntri ned npts
           2.4460594757379557e+01  -3.3001923553577029e+01   2.9574144108714478e+02 #xyz tv0
           2.4464422380838041e+01  -3.3007188548478645e+01   2.9574149879442876e+02 #xyz tv1
           2.6517033878008895e+01  -3.4385461118976913e+01   2.9799539200999999e+02 #xyz tv2
           2.6772965803369420e+01  -3.3760844847641295e+01   2.9714841196938539e+02 -1 6 #xyz tv3 fid bid
           2.4460594757379557e+01  -3.3001923553577029e+01   2.9574144108714478e+02 #xyz tv0
           2.6517033878008895e+01  -3.4385461118976913e+01   2.9799539200999999e+02 #xyz tv1
           2.4464422380838041e+01  -3.3007188548478645e+01   2.9574149879442876e+02 #xyz tv2
           2.2524202596455662e+01  -3.4597522393706818e+01   2.9825001996315416e+02 -1 6 #xyz tv3 fid bid
           2.2524202596455662e+01  -3.4597522393706818e+01   2.9825001996315416e+02 #xyz tv0
           2.4464422380838041e+01  -3.3007188548478645e+01   2.9574149879442876e+02 #xyz tv1
           2.4460594757379557e+01  -3.3001923553577029e+01   2.9574144108714478e+02 #xyz tv2
           2.4426305740988866e+01  -3.3104315548604596e+01   2.9575070324898786e+02 -1 6 #xyz tv3 fid bid
           2.3017438868749998e+01  -3.2570175785625004e+01   2.9305291014843755e+02 #xyz tv0
           2.4464422380838041e+01  -3.3007188548478645e+01   2.9574149879442876e+02 #xyz tv1
           2.4426305740988866e+01  -3.3104315548604596e+01   2.9575070324898786e+02 #xyz tv2
           2.4460594757379557e+01  -3.3001923553577029e+01   2.9574144108714478e+02 -1 6 #xyz tv3 fid bid
           2.4460594757379557e+01  -3.3001923553577029e+01   2.9574144108714478e+02 #xyz tv0
           2.6772965803369420e+01  -3.3760844847641295e+01   2.9714841196938539e+02 #xyz tv1
           2.7504569453524859e+01  -3.2076310893607420e+01   2.9575186128535546e+02 #xyz tv2
           2.4464422380838041e+01  -3.3007188548478645e+01   2.9574149879442876e+02 -1 6 #xyz tv3 fid bid
           2.3017438868749998e+01  -3.2570175785625004e+01   2.9305291014843755e+02 #xyz tv0
           2.4460594757379557e+01  -3.3001923553577029e+01   2.9574144108714478e+02 #xyz tv1
           2.7504569453524859e+01  -3.2076310893607420e+01   2.9575186128535546e+02 #xyz tv2
           2.4464422380838041e+01  -3.3007188548478645e+01   2.9574149879442876e+02 -1 6 #xyz tv3 fid bid
           2.4426305740988866e+01  -3.3104315548604596e+01   2.9575070324898786e+02 #xyz tv0
           2.4464422380838041e+01  -3.3007188548478645e+01   2.9574149879442876e+02 #xyz tv1
           2.4460594757379557e+01  -3.3001923553577029e+01   2.9574144108714478e+02 106 -1 #xyz tv2 fid bid
           2.7504569453524859e+01  -3.2076310893607420e+01   2.9575186128535546e+02 #xyz tv0
           2.4460594757379557e+01  -3.3001923553577029e+01   2.9574144108714478e+02 #xyz tv1
           2.4464422380838041e+01  -3.3007188548478645e+01   2.9574149879442876e+02 106 -1 #xyz tv2 fid bid
           2.4464422380838041e+01  -3.3007188548478645e+01   2.9574149879442876e+02 #xyz ev0
           2.4460594757379557e+01  -3.3001923553577029e+01   2.9574144108714478e+02 -1 6 #xyz ev1 fid bid
   0   0.000000000000e+00   0.000000000000e+00   0.000000000000e+00 #flag location
END_ERR 
BEGIN_ERR 
26 Small mesh segment detected on body : Condutor_Unico
 Small mesh segment detected on body : Condutor_Unico 
 Segment Statistics - Number of Segments : 1 --- Segment length(s) : 0.006933mm. The cutoff frequency for S-Matrix Only Solve is 952.666623822601kHz 
2 -1  128  # nfids, fids[]
2 15  -1  # nbids, bids[]
      5 2 1 0 #ntets ntri ned npts
          -3.9762688789999999e+01   2.1043516000000000e+01   3.0040969314000000e+02 #xyz tv0
          -4.0466029023394391e+01   1.9583014957185203e+01   3.0153325351608720e+02 #xyz tv1
          -3.9936484540000009e+01   2.0682625399999999e+01   3.0100917106999998e+02 #xyz tv2
          -3.9930238224462180e+01   2.0679617332976736e+01   3.0100917106999998e+02 -1 15 #xyz tv3 fid bid
          -4.0196588259999999e+01   2.0142514450000000e+01   3.0140972942000013e+02 #xyz tv0
          -4.0466029023394391e+01   1.9583014957185203e+01   3.0153325351608720e+02 #xyz tv1
          -3.9930238224462180e+01   2.0679617332976736e+01   3.0100917106999998e+02 #xyz tv2
          -3.9936484540000009e+01   2.0682625399999999e+01   3.0100917106999998e+02 -1 15 #xyz tv3 fid bid
          -3.9930238224462180e+01   2.0679617332976736e+01   3.0100917106999998e+02 #xyz tv0
          -3.9408731387031267e+01   2.1713450523750002e+01   3.0119545409484397e+02 #xyz tv1
          -3.9936484540000009e+01   2.0682625399999999e+01   3.0100917106999998e+02 #xyz tv2
          -3.9762688789999999e+01   2.1043516000000000e+01   3.0040969314000000e+02 -1 15 #xyz tv3 fid bid
          -3.9930238224462180e+01   2.0679617332976736e+01   3.0100917106999998e+02 #xyz tv0
          -3.9936484540000009e+01   2.0682625399999999e+01   3.0100917106999998e+02 #xyz tv1
          -3.9698040355000003e+01   2.1177759840000000e+01   3.0205874697500008e+02 #xyz tv2
          -4.0196588259999999e+01   2.0142514450000000e+01   3.0140972942000013e+02 -1 15 #xyz tv3 fid bid
          -3.9930238224462180e+01   2.0679617332976736e+01   3.0100917106999998e+02 #xyz tv0
          -3.9698040355000003e+01   2.1177759840000000e+01   3.0205874697500008e+02 #xyz tv1
          -3.9936484540000009e+01   2.0682625399999999e+01   3.0100917106999998e+02 #xyz tv2
          -3.9408731387031267e+01   2.1713450523750002e+01   3.0119545409484397e+02 -1 15 #xyz tv3 fid bid
          -4.0196588259999999e+01   2.0142514450000000e+01   3.0140972942000013e+02 #xyz tv0
          -3.9936484540000009e+01   2.0682625399999999e+01   3.0100917106999998e+02 #xyz tv1
          -3.9930238224462180e+01   2.0679617332976736e+01   3.0100917106999998e+02 128 -1 #xyz tv2 fid bid
          -3.9762688789999999e+01   2.1043516000000000e+01   3.0040969314000000e+02 #xyz tv0
          -3.9930238224462180e+01   2.0679617332976736e+01   3.0100917106999998e+02 #xyz tv1
          -3.9936484540000009e+01   2.0682625399999999e+01   3.0100917106999998e+02 128 -1 #xyz tv2 fid bid
          -3.9936484540000009e+01   2.0682625399999999e+01   3.0100917106999998e+02 #xyz ev0
          -3.9930238224462180e+01   2.0679617332976736e+01   3.0100917106999998e+02 -1 15 #xyz ev1 fid bid
   0   0.000000000000e+00   0.000000000000e+00   0.000000000000e+00 #flag location
END_ERR 
G3dErrFileVersion 2018P3.1
FlagFileMetaData Begin
   Mesh Size - Setup1, Refinement, Pass #2, Freq. 1.000000e+09 :Title    
   Listing of mesh elements with poor quality. :ToolTip  
   hf3d :Author   
   1749643777 :TimeStamp
FlagFileMetaData End
BEGIN_ERR 
26 Small mesh segment detected on body : Condutor_Unico
 Small mesh segment detected on body : Condutor_Unico 
 Segment Statistics - Number of Segments : 1 --- Segment length(s) : 0.002356mm. The cutoff frequency for S-Matrix Only Solve is 1.27236540276069MHz 
2 -1  61  # nfids, fids[]
2 15  -1  # nbids, bids[]
      4 2 1 0 #ntets ntri ned npts
           3.6105091646095602e+01  -1.3922182616442986e+00   3.0088104978891676e+02 #xyz tv0
           3.6107447471152192e+01  -1.3921954740086857e+00   3.0088108389302408e+02 #xyz tv1
           3.6523992378634091e+01   1.3066103600000001e+00   3.0100917106999998e+02 #xyz tv2
           3.5700392093890322e+01  -1.7307941325714498e+00   3.0033181053036748e+02 -1 15 #xyz tv3 fid bid
           3.6105091646095602e+01  -1.3922182616442986e+00   3.0088104978891676e+02 #xyz tv0
           3.6523992378634091e+01   1.3066103600000001e+00   3.0100917106999998e+02 #xyz tv1
           3.6107447471152192e+01  -1.3921954740086857e+00   3.0088108389302408e+02 #xyz tv2
           3.6036850547675137e+01  -1.3066103600000001e+00   3.0100917106999998e+02 -1 15 #xyz tv3 fid bid
           3.6555614038553365e+01  -2.2460940750035348e+00   3.0101248125603183e+02 #xyz tv0
           3.6105091646095602e+01  -1.3922182616442986e+00   3.0088104978891676e+02 #xyz tv1
           3.5700392093890322e+01  -1.7307941325714498e+00   3.0033181053036748e+02 #xyz tv2
           3.6107447471152192e+01  -1.3921954740086857e+00   3.0088108389302408e+02 -1 15 #xyz tv3 fid bid
           3.6555614038553365e+01  -2.2460940750035348e+00   3.0101248125603183e+02 #xyz tv0
           3.6107447471152192e+01  -1.3921954740086857e+00   3.0088108389302408e+02 #xyz tv1
           3.6036850547675137e+01  -1.3066103600000001e+00   3.0100917106999998e+02 #xyz tv2
           3.6105091646095602e+01  -1.3922182616442986e+00   3.0088104978891676e+02 -1 15 #xyz tv3 fid bid
           3.6105091646095602e+01  -1.3922182616442986e+00   3.0088104978891676e+02 #xyz tv0
           3.6107447471152192e+01  -1.3921954740086857e+00   3.0088108389302408e+02 #xyz tv1
           3.5700392093890322e+01  -1.7307941325714498e+00   3.0033181053036748e+02 61 -1 #xyz tv2 fid bid
           3.6036850547675137e+01  -1.3066103600000001e+00   3.0100917106999998e+02 #xyz tv0
           3.6107447471152192e+01  -1.3921954740086857e+00   3.0088108389302408e+02 #xyz tv1
           3.6105091646095602e+01  -1.3922182616442986e+00   3.0088104978891676e+02 61 -1 #xyz tv2 fid bid
           3.6105091646095602e+01  -1.3922182616442986e+00   3.0088104978891676e+02 #xyz ev0
           3.6107447471152192e+01  -1.3921954740086857e+00   3.0088108389302408e+02 -1 15 #xyz ev1 fid bid
   0   0.000000000000e+00   0.000000000000e+00   0.000000000000e+00 #flag location
END_ERR 
BEGIN_ERR 
26 Small mesh segment detected on body : Volume_Diel
 Small mesh segment detected on body : Volume_Diel 
 Segment Statistics - Number of Segments : 1 --- Segment length(s) : 0.003499mm. The cutoff frequency for S-Matrix Only Solve is 952.666623822601kHz 
2 -1  156  # nfids, fids[]
2 6  -1  # nbids, bids[]
      4 2 1 0 #ntets ntri ned npts
          -7.8267337542667432e+00  -3.3044867927077330e+00   1.3068783408602277e+01 #xyz tv0
          -7.8267267280363333e+00  -3.3045006291149721e+00   1.3072282506178349e+01 #xyz tv1
          -5.9167368753395753e+00  -6.0746513523915757e+00   1.0787515716796978e+01 #xyz tv2
          -6.0398330984481055e+00  -5.9764052267746628e+00   1.0870219045336460e+01 -1 6 #xyz tv3 fid bid
          -7.8267337542667432e+00  -3.3044867927077330e+00   1.3068783408602277e+01 #xyz tv0
          -5.9167368753395753e+00  -6.0746513523915757e+00   1.0787515716796978e+01 #xyz tv1
          -7.8267267280363333e+00  -3.3045006291149721e+00   1.3072282506178349e+01 #xyz tv2
          -7.8529760299999998e+00  -3.2528091799999999e+00   1.3115411981163419e+01 -1 6 #xyz tv3 fid bid
          -6.0398330984481055e+00  -5.9764052267746628e+00   1.0870219045336460e+01 #xyz tv0
          -7.8267267280363333e+00  -3.3045006291149721e+00   1.3072282506178349e+01 #xyz tv1
          -1.4981099547812507e+01  -5.4283626309375004e+00   1.0778053339687505e+01 #xyz tv2
          -7.8267337542667432e+00  -3.3044867927077330e+00   1.3068783408602277e+01 -1 6 #xyz tv3 fid bid
          -1.4981099547812507e+01  -5.4283626309375004e+00   1.0778053339687505e+01 #xyz tv0
          -7.8267267280363333e+00  -3.3045006291149721e+00   1.3072282506178349e+01 #xyz tv1
          -7.8529760299999998e+00  -3.2528091799999999e+00   1.3115411981163419e+01 #xyz tv2
          -7.8267337542667432e+00  -3.3044867927077330e+00   1.3068783408602277e+01 -1 6 #xyz tv3 fid bid
          -7.8529760299999998e+00  -3.2528091799999999e+00   1.3115411981163419e+01 #xyz tv0
          -7.8267267280363333e+00  -3.3045006291149721e+00   1.3072282506178349e+01 #xyz tv1
          -7.8267337542667432e+00  -3.3044867927077330e+00   1.3068783408602277e+01 156 -1 #xyz tv2 fid bid
          -7.8267337542667432e+00  -3.3044867927077330e+00   1.3068783408602277e+01 #xyz tv0
          -7.8267267280363333e+00  -3.3045006291149721e+00   1.3072282506178349e+01 #xyz tv1
          -6.0398330984481055e+00  -5.9764052267746628e+00   1.0870219045336460e+01 156 -1 #xyz tv2 fid bid
          -7.8267267280363333e+00  -3.3045006291149721e+00   1.3072282506178349e+01 #xyz ev0
          -7.8267337542667432e+00  -3.3044867927077330e+00   1.3068783408602277e+01 -1 6 #xyz ev1 fid bid
   0   0.000000000000e+00   0.000000000000e+00   0.000000000000e+00 #flag location
END_ERR 
BEGIN_ERR 
26 Small mesh segment detected on body : Volume_Diel
 Small mesh segment detected on body : Volume_Diel 
 Segment Statistics - Number of Segments : 1 --- Segment length(s) : 0.006510mm. The cutoff frequency for S-Matrix Only Solve is 952.666623822601kHz 
2 -1  106  # nfids, fids[]
2 6  -1  # nbids, bids[]
      6 2 1 0 #ntets ntri ned npts
           2.4464422380838041e+01  -3.3007188548478645e+01   2.9574149879442876e+02 #xyz tv0
           2.3690185217760934e+01  -3.3172730861156978e+01   2.9727925997867987e+02 #xyz tv1
           2.4460594757379557e+01  -3.3001923553577029e+01   2.9574144108714478e+02 #xyz tv2
           2.6042713583239284e+01  -3.3790682281816281e+01   2.9799539200999999e+02 -1 6 #xyz tv3 fid bid
           2.4464422380838041e+01  -3.3007188548478645e+01   2.9574149879442876e+02 #xyz tv0
           2.3690185217760934e+01  -3.3172730861156978e+01   2.9727925997867987e+02 #xyz tv1
           2.4426305740988866e+01  -3.3104315548604596e+01   2.9575070324898786e+02 #xyz tv2
           2.4460594757379557e+01  -3.3001923553577029e+01   2.9574144108714478e+02 -1 6 #xyz tv3 fid bid
           2.6042713583239284e+01  -3.3790682281816281e+01   2.9799539200999999e+02 #xyz tv0
           2.4464422380838041e+01  -3.3007188548478645e+01   2.9574149879442876e+02 #xyz tv1
           2.6772965803369420e+01  -3.3760844847641295e+01   2.9714841196938539e+02 #xyz tv2
           2.4460594757379557e+01  -3.3001923553577029e+01   2.9574144108714478e+02 -1 6 #xyz tv3 fid bid
           2.2804014592340074e+01  -3.1677775150124752e+01   2.9413968280595793e+02 #xyz tv0
           2.4464422380838041e+01  -3.3007188548478645e+01   2.9574149879442876e+02 #xyz tv1
           2.4426305740988866e+01  -3.3104315548604596e+01   2.9575070324898786e+02 #xyz tv2
           2.4460594757379557e+01  -3.3001923553577029e+01   2.9574144108714478e+02 -1 6 #xyz tv3 fid bid
           2.4460594757379557e+01  -3.3001923553577029e+01   2.9574144108714478e+02 #xyz tv0
           2.6772965803369420e+01  -3.3760844847641295e+01   2.9714841196938539e+02 #xyz tv1
           2.7504569453524859e+01  -3.2076310893607420e+01   2.9575186128535546e+02 #xyz tv2
           2.4464422380838041e+01  -3.3007188548478645e+01   2.9574149879442876e+02 -1 6 #xyz tv3 fid bid
           2.2804014592340074e+01  -3.1677775150124752e+01   2.9413968280595793e+02 #xyz tv0
           2.4460594757379557e+01  -3.3001923553577029e+01   2.9574144108714478e+02 #xyz tv1
           2.7504569453524859e+01  -3.2076310893607420e+01   2.9575186128535546e+02 #xyz tv2
           2.4464422380838041e+01  -3.3007188548478645e+01   2.9574149879442876e+02 -1 6 #xyz tv3 fid bid
           2.4426305740988866e+01  -3.3104315548604596e+01   2.9575070324898786e+02 #xyz tv0
           2.4464422380838041e+01  -3.3007188548478645e+01   2.9574149879442876e+02 #xyz tv1
           2.4460594757379557e+01  -3.3001923553577029e+01   2.9574144108714478e+02 106 -1 #xyz tv2 fid bid
           2.7504569453524859e+01  -3.2076310893607420e+01   2.9575186128535546e+02 #xyz tv0
           2.4460594757379557e+01  -3.3001923553577029e+01   2.9574144108714478e+02 #xyz tv1
           2.4464422380838041e+01  -3.3007188548478645e+01   2.9574149879442876e+02 106 -1 #xyz tv2 fid bid
           2.4464422380838041e+01  -3.3007188548478645e+01   2.9574149879442876e+02 #xyz ev0
           2.4460594757379557e+01  -3.3001923553577029e+01   2.9574144108714478e+02 -1 6 #xyz ev1 fid bid
   0   0.000000000000e+00   0.000000000000e+00   0.000000000000e+00 #flag location
END_ERR 
BEGIN_ERR 
26 Small mesh segment detected on body : Condutor_Unico
 Small mesh segment detected on body : Condutor_Unico 
 Segment Statistics - Number of Segments : 1 --- Segment length(s) : 0.006933mm. The cutoff frequency for S-Matrix Only Solve is 952.666623822601kHz 
2 -1  128  # nfids, fids[]
2 15  -1  # nbids, bids[]
      5 2 1 0 #ntets ntri ned npts
          -3.9762688789999999e+01   2.1043516000000000e+01   3.0040969314000000e+02 #xyz tv0
          -4.0466029023394391e+01   1.9583014957185203e+01   3.0153325351608726e+02 #xyz tv1
          -3.9936484540000009e+01   2.0682625399999999e+01   3.0100917106999998e+02 #xyz tv2
          -3.9930238224462180e+01   2.0679617332976736e+01   3.0100917106999998e+02 -1 15 #xyz tv3 fid bid
          -4.0196588259999999e+01   2.0142514450000000e+01   3.0140972942000013e+02 #xyz tv0
          -4.0466029023394391e+01   1.9583014957185203e+01   3.0153325351608726e+02 #xyz tv1
          -3.9930238224462180e+01   2.0679617332976736e+01   3.0100917106999998e+02 #xyz tv2
          -3.9936484540000009e+01   2.0682625399999999e+01   3.0100917106999998e+02 -1 15 #xyz tv3 fid bid
          -3.9930238224462180e+01   2.0679617332976736e+01   3.0100917106999998e+02 #xyz tv0
          -3.9408731387031267e+01   2.1713450523750002e+01   3.0119545409484397e+02 #xyz tv1
          -3.9936484540000009e+01   2.0682625399999999e+01   3.0100917106999998e+02 #xyz tv2
          -3.9762688789999999e+01   2.1043516000000000e+01   3.0040969314000000e+02 -1 15 #xyz tv3 fid bid
          -3.9930238224462180e+01   2.0679617332976736e+01   3.0100917106999998e+02 #xyz tv0
          -3.9936484540000009e+01   2.0682625399999999e+01   3.0100917106999998e+02 #xyz tv1
          -3.9746836461036764e+01   2.1076433685118019e+01   3.0202568061284279e+02 #xyz tv2
          -4.0196588259999999e+01   2.0142514450000000e+01   3.0140972942000013e+02 -1 15 #xyz tv3 fid bid
          -3.9930238224462180e+01   2.0679617332976736e+01   3.0100917106999998e+02 #xyz tv0
          -3.9746836461036764e+01   2.1076433685118019e+01   3.0202568061284279e+02 #xyz tv1
          -3.9936484540000009e+01   2.0682625399999999e+01   3.0100917106999998e+02 #xyz tv2
          -3.9408731387031267e+01   2.1713450523750002e+01   3.0119545409484397e+02 -1 15 #xyz tv3 fid bid
          -4.0196588259999999e+01   2.0142514450000000e+01   3.0140972942000013e+02 #xyz tv0
          -3.9936484540000009e+01   2.0682625399999999e+01   3.0100917106999998e+02 #xyz tv1
          -3.9930238224462180e+01   2.0679617332976736e+01   3.0100917106999998e+02 128 -1 #xyz tv2 fid bid
          -3.9762688789999999e+01   2.1043516000000000e+01   3.0040969314000000e+02 #xyz tv0
          -3.9930238224462180e+01   2.0679617332976736e+01   3.0100917106999998e+02 #xyz tv1
          -3.9936484540000009e+01   2.0682625399999999e+01   3.0100917106999998e+02 128 -1 #xyz tv2 fid bid
          -3.9936484540000009e+01   2.0682625399999999e+01   3.0100917106999998e+02 #xyz ev0
          -3.9930238224462180e+01   2.0679617332976736e+01   3.0100917106999998e+02 -1 15 #xyz ev1 fid bid
   0   0.000000000000e+00   0.000000000000e+00   0.000000000000e+00 #flag location
END_ERR 
BEGIN_ERR 
26 Small mesh segment detected on body : Condutor_Unico
 Small mesh segment detected on body : Condutor_Unico 
 Segment Statistics - Number of Segments : 1 --- Segment length(s) : 0.007982mm. The cutoff frequency for S-Matrix Only Solve is 952.666623822601kHz 
2 -1  61  # nfids, fids[]
2 15  -1  # nbids, bids[]
      6 2 1 0 #ntets ntri ned npts
           4.3742051813492616e+01   1.7113079263311615e+00   3.0039125924655661e+02 #xyz tv0
           4.3365790883193988e+01   1.3153566782320700e+00   3.0099851365011142e+02 #xyz tv1
           4.3740034145360021e+01   1.7098848771021986e+00   3.0039884955335458e+02 #xyz tv2
           4.4955384109999997e+01   1.7071687000000002e+00   2.9899542828000017e+02 -1 15 #xyz tv3 fid bid
           4.3742051813492616e+01   1.7113079263311615e+00   3.0039125924655661e+02 #xyz tv0
           4.3740034145360021e+01   1.7098848771021986e+00   3.0039884955335458e+02 #xyz tv1
           4.4955384109999997e+01   1.8478260900000001e+00   2.9970256071000000e+02 #xyz tv2
           4.4955384109999997e+01   1.7071687000000002e+00   2.9899542828000017e+02 -1 15 #xyz tv3 fid bid
           4.3742051813492616e+01   1.7113079263311615e+00   3.0039125924655661e+02 #xyz tv0
           4.3901678240542090e+01   1.8478260900000001e+00   2.9970256071000000e+02 #xyz tv1
           4.3740034145360021e+01   1.7098848771021986e+00   3.0039884955335458e+02 #xyz tv2
           4.3365790883193988e+01   1.3153566782320700e+00   3.0099851365011142e+02 -1 15 #xyz tv3 fid bid
           4.4955384109999997e+01   2.8871570500000003e+00   2.9888935842000006e+02 #xyz tv0
           4.3742051813492616e+01   1.7113079263311615e+00   3.0039125924655661e+02 #xyz tv1
           4.3740034145360021e+01   1.7098848771021986e+00   3.0039884955335458e+02 #xyz tv2
           4.4955384109999997e+01   1.8478260900000001e+00   2.9970256071000000e+02 -1 15 #xyz tv3 fid bid
           4.3740034145360021e+01   1.7098848771021986e+00   3.0039884955335458e+02 #xyz tv0
           4.3742051813492616e+01   1.7113079263311615e+00   3.0039125924655661e+02 #xyz tv1
           4.4955384109999997e+01   3.9264880100000004e+00   2.9807615613000019e+02 #xyz tv2
           4.3901678240542090e+01   1.8478260900000001e+00   2.9970256071000000e+02 -1 15 #xyz tv3 fid bid
           4.4955384109999997e+01   2.8871570500000003e+00   2.9888935842000006e+02 #xyz tv0
           4.3740034145360021e+01   1.7098848771021986e+00   3.0039884955335458e+02 #xyz tv1
           4.3742051813492616e+01   1.7113079263311615e+00   3.0039125924655661e+02 #xyz tv2
           4.4955384109999997e+01   3.9264880100000004e+00   2.9807615613000019e+02 -1 15 #xyz tv3 fid bid
           4.3742051813492616e+01   1.7113079263311615e+00   3.0039125924655661e+02 #xyz tv0
           4.4955384109999997e+01   1.8478260900000001e+00   2.9970256071000000e+02 #xyz tv1
           4.3740034145360021e+01   1.7098848771021986e+00   3.0039884955335458e+02 61 -1 #xyz tv2 fid bid
           4.3901678240542090e+01   1.8478260900000001e+00   2.9970256071000000e+02 #xyz tv0
           4.3742051813492616e+01   1.7113079263311615e+00   3.0039125924655661e+02 #xyz tv1
           4.3740034145360021e+01   1.7098848771021986e+00   3.0039884955335458e+02 61 -1 #xyz tv2 fid bid
           4.3740034145360021e+01   1.7098848771021986e+00   3.0039884955335458e+02 #xyz ev0
           4.3742051813492616e+01   1.7113079263311615e+00   3.0039125924655661e+02 -1 15 #xyz ev1 fid bid
   0   0.000000000000e+00   0.000000000000e+00   0.000000000000e+00 #flag location
END_ERR 
