G3dErrFileVersion 2018P3.1
FlagFileMetaData Begin
   Mesh Size - Setup1, Refinement, Pass #1, Freq. 1.000000e+09 :Title    
   Listing of mesh elements with poor quality. :ToolTip  
   hf3d :Author   
   1749592468 :TimeStamp
FlagFileMetaData End
BEGIN_ERR 
26 Small mesh segment detected on body : Volume_Diel
 Small mesh segment detected on body : Volume_Diel 
 Segment Statistics - Number of Segments : 1 --- Segment length(s) : 0.003552mm. The cutoff frequency for S-Matrix Only Solve is 952.666623822601kHz 
2 -1  113  # nfids, fids[]
2 6  -1  # nbids, bids[]
      4 2 1 0 #ntets ntri ned npts
          -7.8713853045834661e+00  -3.1602595062031549e+00   8.2853621319761928e+00 #xyz tv0
          -6.0794521215242696e+00  -5.9070752714669528e+00   1.0936149435405451e+01 #xyz tv1
          -6.0794745478990340e+00  -5.9070417080253721e+00   1.0939701611919940e+01 #xyz tv2
          -5.9615834693886169e+00  -6.0504766011124484e+00   1.1092384838628794e+01 -1 6 #xyz tv3 fid bid
          -5.9615834693886169e+00  -6.0504766011124484e+00   1.1092384838628794e+01 #xyz tv0
          -6.0794745478990340e+00  -5.9070417080253721e+00   1.0939701611919940e+01 #xyz tv1
          -1.0520491080294901e+01  -8.2692828197151158e+00   8.8639396954719647e+00 #xyz tv2
          -6.0794521215242696e+00  -5.9070752714669528e+00   1.0936149435405451e+01 -1 6 #xyz tv3 fid bid
          -1.0520491080294901e+01  -8.2692828197151158e+00   8.8639396954719647e+00 #xyz tv0
          -6.0794745478990340e+00  -5.9070417080253721e+00   1.0939701611919940e+01 #xyz tv1
          -7.8667810280640351e+00  -3.2073001995833148e+00   8.3157226646474172e+00 #xyz tv2
          -6.0794521215242696e+00  -5.9070752714669528e+00   1.0936149435405451e+01 -1 6 #xyz tv3 fid bid
          -7.8713853045834661e+00  -3.1602595062031549e+00   8.2853621319761928e+00 #xyz tv0
          -6.0794745478990340e+00  -5.9070417080253721e+00   1.0939701611919940e+01 #xyz tv1
          -6.0794521215242696e+00  -5.9070752714669528e+00   1.0936149435405451e+01 #xyz tv2
          -7.8667810280640351e+00  -3.2073001995833148e+00   8.3157226646474172e+00 -1 6 #xyz tv3 fid bid
          -6.0794521215242696e+00  -5.9070752714669528e+00   1.0936149435405451e+01 #xyz tv0
          -7.8667810280640351e+00  -3.2073001995833148e+00   8.3157226646474172e+00 #xyz tv1
          -6.0794745478990340e+00  -5.9070417080253721e+00   1.0939701611919940e+01 113 -1 #xyz tv2 fid bid
          -6.0794521215242696e+00  -5.9070752714669528e+00   1.0936149435405451e+01 #xyz tv0
          -6.0794745478990340e+00  -5.9070417080253721e+00   1.0939701611919940e+01 #xyz tv1
          -5.9615834693886169e+00  -6.0504766011124484e+00   1.1092384838628794e+01 113 -1 #xyz tv2 fid bid
          -6.0794745478990340e+00  -5.9070417080253721e+00   1.0939701611919940e+01 #xyz ev0
          -6.0794521215242696e+00  -5.9070752714669528e+00   1.0936149435405451e+01 -1 6 #xyz ev1 fid bid
   0   0.000000000000e+00   0.000000000000e+00   0.000000000000e+00 #flag location
END_ERR 
BEGIN_ERR 
26 Small mesh segment detected on body : Condutor_Unico
 Small mesh segment detected on body : Condutor_Unico 
 Segment Statistics - Number of Segments : 1 --- Segment length(s) : 0.010641mm. The cutoff frequency for S-Matrix Only Solve is 952.666623822601kHz 
2 -1  143  # nfids, fids[]
2 15  -1  # nbids, bids[]
      7 2 1 0 #ntets ntri ned npts
          -3.5401828282307028e+00   4.3252150725147253e+01   3.0045924911817008e+02 #xyz tv0
          -2.5770113040226224e+00   3.9666865695746182e+01   2.9706091770271797e+02 #xyz tv1
          -3.5554806073992840e+00   3.9528330407395188e+01   3.0038234198837029e+02 #xyz tv2
          -3.5381112134681767e+00   4.3252844062612809e+01   3.0046966382893828e+02 -1 15 #xyz tv3 fid bid
          -3.5381112134681767e+00   4.3252844062612809e+01   3.0046966382893828e+02 #xyz tv0
          -3.5554806073992840e+00   3.9528330407395188e+01   3.0038234198837029e+02 #xyz tv1
          -3.5401828282307028e+00   4.3252150725147253e+01   3.0045924911817008e+02 #xyz tv2
          -3.5177098461641902e+00   3.8311009819643601e+01   3.0075906618994242e+02 -1 15 #xyz tv3 fid bid
          -2.5770113040226224e+00   3.9666865695746182e+01   2.9706091770271797e+02 #xyz tv0
          -3.5381112134681767e+00   4.3252844062612809e+01   3.0046966382893828e+02 #xyz tv1
          -3.5401828282307028e+00   4.3252150725147253e+01   3.0045924911817008e+02 #xyz tv2
          -1.4123687899999999e+00   4.5000339491250003e+01   3.0311232059999998e+02 -1 15 #xyz tv3 fid bid
          -3.5381112134681767e+00   4.3252844062612809e+01   3.0046966382893828e+02 #xyz tv0
          -7.8529760299999998e+00   4.1175289546413360e+01   3.0295536988999999e+02 #xyz tv1
          -3.5177098461641902e+00   3.8311009819643601e+01   3.0075906618994242e+02 #xyz tv2
          -3.5401828282307028e+00   4.3252150725147253e+01   3.0045924911817008e+02 -1 15 #xyz tv3 fid bid
          -3.5401828282307028e+00   4.3252150725147253e+01   3.0045924911817008e+02 #xyz tv0
          -1.4123687899999999e+00   4.5000339491250003e+01   3.0311232059999998e+02 #xyz tv1
          -3.5381112134681767e+00   4.3252844062612809e+01   3.0046966382893828e+02 #xyz tv2
          -2.8068134429104141e+00   4.4111480073639065e+01   3.0207211553170583e+02 -1 15 #xyz tv3 fid bid
          -3.5381112134681767e+00   4.3252844062612809e+01   3.0046966382893828e+02 #xyz tv0
          -7.8529760299999998e+00   4.1175289546413360e+01   3.0295536988999999e+02 #xyz tv1
          -3.5401828282307028e+00   4.3252150725147253e+01   3.0045924911817008e+02 #xyz tv2
          -3.5027571179947943e+00   4.3392998886337814e+01   3.0080835872955396e+02 -1 15 #xyz tv3 fid bid
          -2.8068134429104141e+00   4.4111480073639065e+01   3.0207211553170583e+02 #xyz tv0
          -3.5401828282307028e+00   4.3252150725147253e+01   3.0045924911817008e+02 #xyz tv1
          -3.5027571179947943e+00   4.3392998886337814e+01   3.0080835872955396e+02 #xyz tv2
          -3.5381112134681767e+00   4.3252844062612809e+01   3.0046966382893828e+02 -1 15 #xyz tv3 fid bid
          -3.5381112134681767e+00   4.3252844062612809e+01   3.0046966382893828e+02 #xyz tv0
          -3.5554806073992840e+00   3.9528330407395188e+01   3.0038234198837029e+02 #xyz tv1
          -3.5401828282307028e+00   4.3252150725147253e+01   3.0045924911817008e+02 143 -1 #xyz tv2 fid bid
          -3.5381112134681767e+00   4.3252844062612809e+01   3.0046966382893828e+02 #xyz tv0
          -3.5401828282307028e+00   4.3252150725147253e+01   3.0045924911817008e+02 #xyz tv1
          -3.5027571179947943e+00   4.3392998886337814e+01   3.0080835872955396e+02 143 -1 #xyz tv2 fid bid
          -3.5401828282307028e+00   4.3252150725147253e+01   3.0045924911817008e+02 #xyz ev0
          -3.5381112134681767e+00   4.3252844062612809e+01   3.0046966382893828e+02 -1 15 #xyz ev1 fid bid
   0   0.000000000000e+00   0.000000000000e+00   0.000000000000e+00 #flag location
END_ERR 
G3dErrFileVersion 2018P3.1
FlagFileMetaData Begin
   Mesh Size - Setup1, Refinement, Pass #2, Freq. 1.000000e+09 :Title    
   Listing of mesh elements with poor quality. :ToolTip  
   hf3d :Author   
   1749592471 :TimeStamp
FlagFileMetaData End
BEGIN_ERR 
26 Small mesh segment detected on body : Volume_Diel
 Small mesh segment detected on body : Volume_Diel 
 Segment Statistics - Number of Segments : 1 --- Segment length(s) : 0.003552mm. The cutoff frequency for S-Matrix Only Solve is 952.666623822601kHz 
2 -1  113  # nfids, fids[]
2 6  -1  # nbids, bids[]
      4 2 1 0 #ntets ntri ned npts
          -7.8713853045834661e+00  -3.1602595062031549e+00   8.2853621319761928e+00 #xyz tv0
          -6.0794521215242696e+00  -5.9070752714669528e+00   1.0936149435405451e+01 #xyz tv1
          -6.0794745478990340e+00  -5.9070417080253721e+00   1.0939701611919940e+01 #xyz tv2
          -5.9615834693886169e+00  -6.0504766011124484e+00   1.1092384838628794e+01 -1 6 #xyz tv3 fid bid
          -5.9615834693886169e+00  -6.0504766011124484e+00   1.1092384838628794e+01 #xyz tv0
          -6.0794745478990340e+00  -5.9070417080253721e+00   1.0939701611919940e+01 #xyz tv1
          -1.0520491080294901e+01  -8.2692828197151158e+00   8.8639396954719647e+00 #xyz tv2
          -6.0794521215242696e+00  -5.9070752714669528e+00   1.0936149435405451e+01 -1 6 #xyz tv3 fid bid
          -1.0520491080294901e+01  -8.2692828197151158e+00   8.8639396954719647e+00 #xyz tv0
          -6.0794745478990340e+00  -5.9070417080253721e+00   1.0939701611919940e+01 #xyz tv1
          -7.8667810280640351e+00  -3.2073001995833148e+00   8.3157226646474172e+00 #xyz tv2
          -6.0794521215242696e+00  -5.9070752714669528e+00   1.0936149435405451e+01 -1 6 #xyz tv3 fid bid
          -7.8713853045834661e+00  -3.1602595062031549e+00   8.2853621319761928e+00 #xyz tv0
          -6.0794745478990340e+00  -5.9070417080253721e+00   1.0939701611919940e+01 #xyz tv1
          -6.0794521215242696e+00  -5.9070752714669528e+00   1.0936149435405451e+01 #xyz tv2
          -7.8667810280640351e+00  -3.2073001995833148e+00   8.3157226646474172e+00 -1 6 #xyz tv3 fid bid
          -6.0794521215242696e+00  -5.9070752714669528e+00   1.0936149435405451e+01 #xyz tv0
          -7.8667810280640351e+00  -3.2073001995833148e+00   8.3157226646474172e+00 #xyz tv1
          -6.0794745478990340e+00  -5.9070417080253721e+00   1.0939701611919940e+01 113 -1 #xyz tv2 fid bid
          -6.0794521215242696e+00  -5.9070752714669528e+00   1.0936149435405451e+01 #xyz tv0
          -6.0794745478990340e+00  -5.9070417080253721e+00   1.0939701611919940e+01 #xyz tv1
          -5.9615834693886169e+00  -6.0504766011124484e+00   1.1092384838628794e+01 113 -1 #xyz tv2 fid bid
          -6.0794745478990340e+00  -5.9070417080253721e+00   1.0939701611919940e+01 #xyz ev0
          -6.0794521215242696e+00  -5.9070752714669528e+00   1.0936149435405451e+01 -1 6 #xyz ev1 fid bid
   0   0.000000000000e+00   0.000000000000e+00   0.000000000000e+00 #flag location
END_ERR 
BEGIN_ERR 
26 Small mesh segment detected on body : Condutor_Unico
 Small mesh segment detected on body : Condutor_Unico 
 Segment Statistics - Number of Segments : 1 --- Segment length(s) : 0.010641mm. The cutoff frequency for S-Matrix Only Solve is 952.666623822601kHz 
2 -1  143  # nfids, fids[]
2 15  -1  # nbids, bids[]
      7 2 1 0 #ntets ntri ned npts
          -3.5401828282307028e+00   4.3252150725147253e+01   3.0045924911817008e+02 #xyz tv0
          -2.5770113040226224e+00   3.9666865695746182e+01   2.9706091770271797e+02 #xyz tv1
          -3.5554806073992840e+00   3.9528330407395188e+01   3.0038234198837029e+02 #xyz tv2
          -3.5381112134681767e+00   4.3252844062612809e+01   3.0046966382893828e+02 -1 15 #xyz tv3 fid bid
          -3.5381112134681767e+00   4.3252844062612809e+01   3.0046966382893828e+02 #xyz tv0
          -3.5554806073992840e+00   3.9528330407395188e+01   3.0038234198837029e+02 #xyz tv1
          -3.5401828282307028e+00   4.3252150725147253e+01   3.0045924911817008e+02 #xyz tv2
          -3.5177098461641902e+00   3.8311009819643601e+01   3.0075906618994242e+02 -1 15 #xyz tv3 fid bid
          -2.5770113040226224e+00   3.9666865695746182e+01   2.9706091770271797e+02 #xyz tv0
          -3.5381112134681767e+00   4.3252844062612809e+01   3.0046966382893828e+02 #xyz tv1
          -3.5401828282307028e+00   4.3252150725147253e+01   3.0045924911817008e+02 #xyz tv2
          -1.4123687899999999e+00   4.5000339491250003e+01   3.0311232059999998e+02 -1 15 #xyz tv3 fid bid
          -3.5381112134681767e+00   4.3252844062612809e+01   3.0046966382893828e+02 #xyz tv0
          -7.8529760299999998e+00   4.1175289546413360e+01   3.0295536988999999e+02 #xyz tv1
          -3.5177098461641902e+00   3.8311009819643601e+01   3.0075906618994242e+02 #xyz tv2
          -3.5401828282307028e+00   4.3252150725147253e+01   3.0045924911817008e+02 -1 15 #xyz tv3 fid bid
          -3.5401828282307028e+00   4.3252150725147253e+01   3.0045924911817008e+02 #xyz tv0
          -1.4123687899999999e+00   4.5000339491250003e+01   3.0311232059999998e+02 #xyz tv1
          -3.5381112134681767e+00   4.3252844062612809e+01   3.0046966382893828e+02 #xyz tv2
          -2.8068134429104141e+00   4.4111480073639072e+01   3.0207211553170583e+02 -1 15 #xyz tv3 fid bid
          -3.5381112134681767e+00   4.3252844062612809e+01   3.0046966382893828e+02 #xyz tv0
          -7.8529760299999998e+00   4.1175289546413360e+01   3.0295536988999999e+02 #xyz tv1
          -3.5401828282307028e+00   4.3252150725147253e+01   3.0045924911817008e+02 #xyz tv2
          -3.5027571179947943e+00   4.3392998886337814e+01   3.0080835872955396e+02 -1 15 #xyz tv3 fid bid
          -2.8068134429104141e+00   4.4111480073639072e+01   3.0207211553170583e+02 #xyz tv0
          -3.5401828282307028e+00   4.3252150725147253e+01   3.0045924911817008e+02 #xyz tv1
          -3.5027571179947943e+00   4.3392998886337814e+01   3.0080835872955396e+02 #xyz tv2
          -3.5381112134681767e+00   4.3252844062612809e+01   3.0046966382893828e+02 -1 15 #xyz tv3 fid bid
          -3.5381112134681767e+00   4.3252844062612809e+01   3.0046966382893828e+02 #xyz tv0
          -3.5554806073992840e+00   3.9528330407395188e+01   3.0038234198837029e+02 #xyz tv1
          -3.5401828282307028e+00   4.3252150725147253e+01   3.0045924911817008e+02 143 -1 #xyz tv2 fid bid
          -3.5381112134681767e+00   4.3252844062612809e+01   3.0046966382893828e+02 #xyz tv0
          -3.5401828282307028e+00   4.3252150725147253e+01   3.0045924911817008e+02 #xyz tv1
          -3.5027571179947943e+00   4.3392998886337814e+01   3.0080835872955396e+02 143 -1 #xyz tv2 fid bid
          -3.5401828282307028e+00   4.3252150725147253e+01   3.0045924911817008e+02 #xyz ev0
          -3.5381112134681767e+00   4.3252844062612809e+01   3.0046966382893828e+02 -1 15 #xyz ev1 fid bid
   0   0.000000000000e+00   0.000000000000e+00   0.000000000000e+00 #flag location
END_ERR 
BEGIN_ERR 
26 Small mesh segment detected on body : Condutor_Unico
 Small mesh segment detected on body : Condutor_Unico 
 Segment Statistics - Number of Segments : 1 --- Segment length(s) : 0.010644mm. The cutoff frequency for S-Matrix Only Solve is 952.666623822601kHz 
2 -1  61  # nfids, fids[]
2 15  -1  # nbids, bids[]
      7 2 1 0 #ntets ntri ned npts
           3.9502446475360117e+01   3.5555869408532401e+00   3.0038180741399498e+02 #xyz tv0
           4.3250479959984268e+01   3.5401896918799460e+00   3.0045921461227499e+02 #xyz tv1
           4.3804964928803102e+01   1.4123687899999999e+00   3.0311232059999998e+02 #xyz tv2
           4.3251199872869080e+01   3.5381178608015653e+00   3.0046963041053641e+02 -1 15 #xyz tv3 fid bid
           4.3250479959984268e+01   3.5401896918799460e+00   3.0045921461227499e+02 #xyz tv0
           4.3804964928803102e+01   1.4123687899999999e+00   3.0311232059999998e+02 #xyz tv1
           4.3251199872869080e+01   3.5381178608015653e+00   3.0046963041053641e+02 #xyz tv2
           4.4111480073639029e+01   2.8068134429104141e+00   3.0207211553170583e+02 -1 15 #xyz tv3 fid bid
           4.3251199872869080e+01   3.5381178608015653e+00   3.0046963041053641e+02 #xyz tv0
           3.9502446475360117e+01   3.5555869408532401e+00   3.0038180741399498e+02 #xyz tv1
           4.3250479959984268e+01   3.5401896918799460e+00   3.0045921461227499e+02 #xyz tv2
           3.8274300364944395e+01   3.5178178563330746e+00   3.0075871012812763e+02 -1 15 #xyz tv3 fid bid
           4.3250479959984268e+01   3.5401896918799460e+00   3.0045921461227499e+02 #xyz tv0
           4.3390804148882388e+01   3.5027635755672408e+00   3.0080833744179012e+02 #xyz tv1
           4.4111480073639029e+01   2.8068134429104141e+00   3.0207211553170583e+02 #xyz tv2
           4.3251199872869080e+01   3.5381178608015653e+00   3.0046963041053641e+02 -1 15 #xyz tv3 fid bid
           3.5966602303984914e+01   8.2327586456370607e+00   3.0104607373432799e+02 #xyz tv0
           3.8274300364944395e+01   3.5178178563330746e+00   3.0075871012812763e+02 #xyz tv1
           4.3251199872869080e+01   3.5381178608015653e+00   3.0046963041053641e+02 #xyz tv2
           4.3250479959984268e+01   3.5401896918799460e+00   3.0045921461227499e+02 -1 15 #xyz tv3 fid bid
           4.3251199872869080e+01   3.5381178608015653e+00   3.0046963041053641e+02 #xyz tv0
           4.2386246334715750e+01   7.8529760299999998e+00   3.0295536988999999e+02 #xyz tv1
           4.3250479959984268e+01   3.5401896918799460e+00   3.0045921461227499e+02 #xyz tv2
           4.3390804148882388e+01   3.5027635755672408e+00   3.0080833744179012e+02 -1 15 #xyz tv3 fid bid
           4.3251199872869080e+01   3.5381178608015653e+00   3.0046963041053641e+02 #xyz tv0
           4.3250479959984268e+01   3.5401896918799460e+00   3.0045921461227499e+02 #xyz tv1
           4.2386246334715750e+01   7.8529760299999998e+00   3.0295536988999999e+02 #xyz tv2
           3.5966602303984914e+01   8.2327586456370607e+00   3.0104607373432799e+02 -1 15 #xyz tv3 fid bid
           4.3251199872869080e+01   3.5381178608015653e+00   3.0046963041053641e+02 #xyz tv0
           3.9502446475360117e+01   3.5555869408532401e+00   3.0038180741399498e+02 #xyz tv1
           4.3250479959984268e+01   3.5401896918799460e+00   3.0045921461227499e+02 61 -1 #xyz tv2 fid bid
           4.3251199872869080e+01   3.5381178608015653e+00   3.0046963041053641e+02 #xyz tv0
           4.3250479959984268e+01   3.5401896918799460e+00   3.0045921461227499e+02 #xyz tv1
           4.3390804148882388e+01   3.5027635755672408e+00   3.0080833744179012e+02 61 -1 #xyz tv2 fid bid
           4.3250479959984268e+01   3.5401896918799460e+00   3.0045921461227499e+02 #xyz ev0
           4.3251199872869080e+01   3.5381178608015653e+00   3.0046963041053641e+02 -1 15 #xyz ev1 fid bid
   0   0.000000000000e+00   0.000000000000e+00   0.000000000000e+00 #flag location
END_ERR 
