G3dErrFileVersion 2018P3.1
FlagFileMetaData Begin
   Mesh Size - Setup1, Refinement, Pass #1, Freq. 9.800000e+07 :Title    
   Listing of mesh elements with poor quality. :ToolTip  
   hf3d :Author   
   1749592309 :TimeStamp
FlagFileMetaData End
BEGIN_ERR 
26 Small mesh segment detected on body : Condutor_Unico
 Small mesh segment detected on body : Condutor_Unico 
 Segment Statistics - Number of Segments : 1 --- Segment length(s) : 0.005438mm. The cutoff frequency for S-Matrix Only Solve is 551.27598345108kHz 
2 -1  124  # nfids, fids[]
2 15  -1  # nbids, bids[]
      5 2 1 0 #ntets ntri ned npts
          -1.1645479379999998e+01  -2.5728610710000002e+01   1.5174492181400001e+03 #xyz tv0
          -1.5334432742527465e+01  -2.8648081702438141e+01   1.5233898629962437e+03 #xyz tv1
          -1.5334300644617693e+01  -2.8642685865491416e+01   1.5233891988952089e+03 #xyz tv2
          -1.6330060853397217e+01  -2.8719765924202974e+01   1.5297941715538038e+03 -1 15 #xyz tv3 fid bid
          -1.1645479379999998e+01  -2.5728610710000002e+01   1.5174492181400001e+03 #xyz tv0
          -1.5334300644617693e+01  -2.8642685865491416e+01   1.5233891988952089e+03 #xyz tv1
          -1.5334432742527465e+01  -2.8648081702438141e+01   1.5233898629962437e+03 #xyz tv2
          -1.5215552069999998e+01  -2.8608840434812578e+01   1.5227922094999997e+03 -1 15 #xyz tv3 fid bid
          -1.5334300644617693e+01  -2.8642685865491416e+01   1.5233891988952089e+03 #xyz tv0
          -1.5334432742527465e+01  -2.8648081702438141e+01   1.5233898629962437e+03 #xyz tv1
          -1.6469194890000001e+01  -2.8966150670299051e+01   1.5290946975200000e+03 #xyz tv2
          -1.6330060853397217e+01  -2.8719765924202974e+01   1.5297941715538038e+03 -1 15 #xyz tv3 fid bid
          -1.5334300644617693e+01  -2.8642685865491416e+01   1.5233891988952089e+03 #xyz tv0
          -1.5334432742527465e+01  -2.8648081702438141e+01   1.5233898629962437e+03 #xyz tv1
          -1.5215552069999998e+01  -2.8608840434812578e+01   1.5227922094999997e+03 #xyz tv2
          -2.0890254376892472e+01  -3.0792111598209587e+01   1.5259072123605154e+03 -1 15 #xyz tv3 fid bid
          -1.5334300644617693e+01  -2.8642685865491416e+01   1.5233891988952089e+03 #xyz tv0
          -1.5334432742527465e+01  -2.8648081702438141e+01   1.5233898629962437e+03 #xyz tv1
          -2.0890254376892472e+01  -3.0792111598209587e+01   1.5259072123605154e+03 #xyz tv2
          -1.6469194890000001e+01  -2.8966150670299051e+01   1.5290946975200000e+03 -1 15 #xyz tv3 fid bid
          -1.5334300644617693e+01  -2.8642685865491416e+01   1.5233891988952089e+03 #xyz tv0
          -1.5334432742527465e+01  -2.8648081702438141e+01   1.5233898629962437e+03 #xyz tv1
          -1.5215552069999998e+01  -2.8608840434812578e+01   1.5227922094999997e+03 124 -1 #xyz tv2 fid bid
          -1.6469194890000001e+01  -2.8966150670299051e+01   1.5290946975200000e+03 #xyz tv0
          -1.5334432742527465e+01  -2.8648081702438141e+01   1.5233898629962437e+03 #xyz tv1
          -1.5334300644617693e+01  -2.8642685865491416e+01   1.5233891988952089e+03 124 -1 #xyz tv2 fid bid
          -1.5334300644617693e+01  -2.8642685865491416e+01   1.5233891988952089e+03 #xyz ev0
          -1.5334432742527465e+01  -2.8648081702438141e+01   1.5233898629962437e+03 -1 15 #xyz ev1 fid bid
   0   0.000000000000e+00   0.000000000000e+00   0.000000000000e+00 #flag location
END_ERR 
BEGIN_ERR 
26 Small mesh segment detected on body : Condutor_Unico
 Small mesh segment detected on body : Condutor_Unico 
 Segment Statistics - Number of Segments : 1 --- Segment length(s) : 0.039980mm. The cutoff frequency for S-Matrix Only Solve is 186.722658268992kHz 
2 -1  82  # nfids, fids[]
2 15  -1  # nbids, bids[]
      5 2 1 0 #ntets ntri ned npts
          -2.9412369855886269e+01  -1.6469194890000001e+01   1.5290946975200000e+03 #xyz tv0
          -3.2460746718700307e+01  -3.1207653815149516e-01   1.5337367067114183e+03 #xyz tv1
          -3.2525604967848835e+01  -1.5429360132571722e+01   1.5238670952102195e+03 #xyz tv2
          -3.2485936074576493e+01  -1.5428388980563975e+01   1.5238622128994075e+03 -1 15 #xyz tv3 fid bid
          -3.2460746718700307e+01  -3.1207653815149516e-01   1.5337367067114183e+03 #xyz tv0
          -3.2525604967848835e+01  -1.5429360132571722e+01   1.5238670952102195e+03 #xyz tv1
          -3.2485936074576493e+01  -1.5428388980563975e+01   1.5238622128994075e+03 #xyz tv2
          -3.3114457043249999e+01  -1.5215552069999998e+01   1.5227922094999997e+03 -1 15 #xyz tv3 fid bid
          -3.7201185690000010e+01  -3.7201185690000010e+01   1.5216949216099997e+03 #xyz tv0
          -3.2485936074576493e+01  -1.5428388980563975e+01   1.5238622128994075e+03 #xyz tv1
          -2.9412369855886269e+01  -1.6469194890000001e+01   1.5290946975200000e+03 #xyz tv2
          -3.2525604967848835e+01  -1.5429360132571722e+01   1.5238670952102195e+03 -1 15 #xyz tv3 fid bid
          -3.2525604967848835e+01  -1.5429360132571722e+01   1.5238670952102195e+03 #xyz tv0
          -3.5042750669999997e+01  -3.5042750669999997e+01   1.5145795149300006e+03 #xyz tv1
          -3.2485936074576493e+01  -1.5428388980563975e+01   1.5238622128994075e+03 #xyz tv2
          -3.3114457043249999e+01  -1.5215552069999998e+01   1.5227922094999997e+03 -1 15 #xyz tv3 fid bid
          -3.2525604967848835e+01  -1.5429360132571722e+01   1.5238670952102195e+03 #xyz tv0
          -3.2485936074576493e+01  -1.5428388980563975e+01   1.5238622128994075e+03 #xyz tv1
          -3.5042750669999997e+01  -3.5042750669999997e+01   1.5145795149300006e+03 #xyz tv2
          -3.7201185690000010e+01  -3.7201185690000010e+01   1.5216949216099997e+03 -1 15 #xyz tv3 fid bid
          -3.3114457043249999e+01  -1.5215552069999998e+01   1.5227922094999997e+03 #xyz tv0
          -3.2525604967848835e+01  -1.5429360132571722e+01   1.5238670952102195e+03 #xyz tv1
          -3.2485936074576493e+01  -1.5428388980563975e+01   1.5238622128994075e+03 82 -1 #xyz tv2 fid bid
          -3.2485936074576493e+01  -1.5428388980563975e+01   1.5238622128994075e+03 #xyz tv0
          -3.2525604967848835e+01  -1.5429360132571722e+01   1.5238670952102195e+03 #xyz tv1
          -2.9412369855886269e+01  -1.6469194890000001e+01   1.5290946975200000e+03 82 -1 #xyz tv2 fid bid
          -3.2525604967848835e+01  -1.5429360132571722e+01   1.5238670952102195e+03 #xyz ev0
          -3.2485936074576493e+01  -1.5428388980563975e+01   1.5238622128994075e+03 -1 15 #xyz ev1 fid bid
   0   0.000000000000e+00   0.000000000000e+00   0.000000000000e+00 #flag location
END_ERR 
BEGIN_ERR 
26 Small mesh segment detected on body : Condutor_Unico
 Small mesh segment detected on body : Condutor_Unico 
 Segment Statistics - Number of Segments : 1 --- Segment length(s) : 0.049678mm. The cutoff frequency for S-Matrix Only Solve is 186.722658268992kHz 
2 -1  25  # nfids, fids[]
2 15  -1  # nbids, bids[]
      4 2 1 0 #ntets ntri ned npts
          -2.1919726992341085e-01   2.8228857484752769e+01   8.1533406118016353e+02 #xyz tv0
           0.0000000000000000e+00   0.0000000000000000e+00   8.0277471619999983e+02 #xyz tv1
          -2.1941168147095283e-01   2.8228845182731881e+01   8.1538373906898198e+02 #xyz tv2
           0.0000000000000000e+00   2.8241434089999995e+01   8.1521674395621585e+02 -1 15 #xyz tv3 fid bid
          -2.1919726992341085e-01   2.8228857484752769e+01   8.1533406118016353e+02 #xyz tv0
          -2.1941168147095283e-01   2.8228845182731881e+01   8.1538373906898198e+02 #xyz tv1
           0.0000000000000000e+00   0.0000000000000000e+00   8.0277471619999983e+02 #xyz tv2
          -1.0469192233890723e+01   2.6199643579141128e+01   8.2082351805775772e+02 -1 15 #xyz tv3 fid bid
          -1.0602548282386874e+01   3.6229635311990080e+01   8.2036544083108038e+02 #xyz tv0
          -2.1941168147095283e-01   2.8228845182731881e+01   8.1538373906898198e+02 #xyz tv1
           0.0000000000000000e+00   2.8241434089999995e+01   8.1521674395621585e+02 #xyz tv2
          -2.1919726992341085e-01   2.8228857484752769e+01   8.1533406118016353e+02 -1 15 #xyz tv3 fid bid
          -1.0469192233890723e+01   2.6199643579141128e+01   8.2082351805775772e+02 #xyz tv0
          -2.1941168147095283e-01   2.8228845182731881e+01   8.1538373906898198e+02 #xyz tv1
          -1.0602548282386874e+01   3.6229635311990080e+01   8.2036544083108038e+02 #xyz tv2
          -2.1919726992341085e-01   2.8228857484752769e+01   8.1533406118016353e+02 -1 15 #xyz tv3 fid bid
           0.0000000000000000e+00   2.8241434089999995e+01   8.1521674395621585e+02 #xyz tv0
          -2.1941168147095283e-01   2.8228845182731881e+01   8.1538373906898198e+02 #xyz tv1
          -2.1919726992341085e-01   2.8228857484752769e+01   8.1533406118016353e+02 25 -1 #xyz tv2 fid bid
          -1.0469192233890723e+01   2.6199643579141128e+01   8.2082351805775772e+02 #xyz tv0
          -2.1919726992341085e-01   2.8228857484752769e+01   8.1533406118016353e+02 #xyz tv1
          -2.1941168147095283e-01   2.8228845182731881e+01   8.1538373906898198e+02 25 -1 #xyz tv2 fid bid
          -2.1941168147095283e-01   2.8228845182731881e+01   8.1538373906898198e+02 #xyz ev0
          -2.1919726992341085e-01   2.8228857484752769e+01   8.1533406118016353e+02 -1 15 #xyz ev1 fid bid
   0   0.000000000000e+00   0.000000000000e+00   0.000000000000e+00 #flag location
END_ERR 
G3dErrFileVersion 2018P3.1
FlagFileMetaData Begin
   Mesh Size - Setup1, Refinement, Pass #2, Freq. 9.800000e+07 :Title    
   Listing of mesh elements with poor quality. :ToolTip  
   hf3d :Author   
   1749592312 :TimeStamp
FlagFileMetaData End
BEGIN_ERR 
26 Small mesh segment detected on body : Condutor_Unico
 Small mesh segment detected on body : Condutor_Unico 
 Segment Statistics - Number of Segments : 1 --- Segment length(s) : 0.005438mm. The cutoff frequency for S-Matrix Only Solve is 551.27598345108kHz 
2 -1  124  # nfids, fids[]
2 15  -1  # nbids, bids[]
      5 2 1 0 #ntets ntri ned npts
          -1.1645479379999998e+01  -2.5728610710000002e+01   1.5174492181400001e+03 #xyz tv0
          -1.5334432742527465e+01  -2.8648081702438141e+01   1.5233898629962437e+03 #xyz tv1
          -1.5334300644617693e+01  -2.8642685865491416e+01   1.5233891988952089e+03 #xyz tv2
          -1.6330060853397217e+01  -2.8719765924202974e+01   1.5297941715538038e+03 -1 15 #xyz tv3 fid bid
          -1.1645479379999998e+01  -2.5728610710000002e+01   1.5174492181400001e+03 #xyz tv0
          -1.5334300644617693e+01  -2.8642685865491416e+01   1.5233891988952089e+03 #xyz tv1
          -1.5334432742527465e+01  -2.8648081702438141e+01   1.5233898629962437e+03 #xyz tv2
          -1.5215552069999998e+01  -2.8608840434812578e+01   1.5227922094999997e+03 -1 15 #xyz tv3 fid bid
          -1.5334300644617693e+01  -2.8642685865491416e+01   1.5233891988952089e+03 #xyz tv0
          -1.5334432742527465e+01  -2.8648081702438141e+01   1.5233898629962437e+03 #xyz tv1
          -1.6469194890000001e+01  -2.8966150670299051e+01   1.5290946975200000e+03 #xyz tv2
          -1.6330060853397217e+01  -2.8719765924202974e+01   1.5297941715538038e+03 -1 15 #xyz tv3 fid bid
          -1.5334300644617693e+01  -2.8642685865491416e+01   1.5233891988952089e+03 #xyz tv0
          -1.5334432742527465e+01  -2.8648081702438141e+01   1.5233898629962437e+03 #xyz tv1
          -1.5215552069999998e+01  -2.8608840434812578e+01   1.5227922094999997e+03 #xyz tv2
          -2.2091466706040215e+01  -2.8675122247479308e+01   1.5255978819735783e+03 -1 15 #xyz tv3 fid bid
          -1.5334300644617693e+01  -2.8642685865491416e+01   1.5233891988952089e+03 #xyz tv0
          -1.5334432742527465e+01  -2.8648081702438141e+01   1.5233898629962437e+03 #xyz tv1
          -2.2091466706040215e+01  -2.8675122247479308e+01   1.5255978819735783e+03 #xyz tv2
          -1.6469194890000001e+01  -2.8966150670299051e+01   1.5290946975200000e+03 -1 15 #xyz tv3 fid bid
          -1.5334300644617693e+01  -2.8642685865491416e+01   1.5233891988952089e+03 #xyz tv0
          -1.5334432742527465e+01  -2.8648081702438141e+01   1.5233898629962437e+03 #xyz tv1
          -1.5215552069999998e+01  -2.8608840434812578e+01   1.5227922094999997e+03 124 -1 #xyz tv2 fid bid
          -1.6469194890000001e+01  -2.8966150670299051e+01   1.5290946975200000e+03 #xyz tv0
          -1.5334432742527465e+01  -2.8648081702438141e+01   1.5233898629962437e+03 #xyz tv1
          -1.5334300644617693e+01  -2.8642685865491416e+01   1.5233891988952089e+03 124 -1 #xyz tv2 fid bid
          -1.5334300644617693e+01  -2.8642685865491416e+01   1.5233891988952089e+03 #xyz ev0
          -1.5334432742527465e+01  -2.8648081702438141e+01   1.5233898629962437e+03 -1 15 #xyz ev1 fid bid
   0   0.000000000000e+00   0.000000000000e+00   0.000000000000e+00 #flag location
END_ERR 
BEGIN_ERR 
26 Small mesh segment detected on body : Condutor_Unico
 Small mesh segment detected on body : Condutor_Unico 
 Segment Statistics - Number of Segments : 1 --- Segment length(s) : 0.039980mm. The cutoff frequency for S-Matrix Only Solve is 186.722658268992kHz 
2 -1  82  # nfids, fids[]
2 15  -1  # nbids, bids[]
      5 2 1 0 #ntets ntri ned npts
          -2.9412369855886269e+01  -1.6469194890000001e+01   1.5290946975200000e+03 #xyz tv0
          -3.2460746718700307e+01  -3.1207653815149516e-01   1.5337367067114183e+03 #xyz tv1
          -3.2525604967848835e+01  -1.5429360132571722e+01   1.5238670952102195e+03 #xyz tv2
          -3.2485936074576493e+01  -1.5428388980563975e+01   1.5238622128994075e+03 -1 15 #xyz tv3 fid bid
          -3.2460746718700307e+01  -3.1207653815149516e-01   1.5337367067114183e+03 #xyz tv0
          -3.2525604967848835e+01  -1.5429360132571722e+01   1.5238670952102195e+03 #xyz tv1
          -3.2485936074576493e+01  -1.5428388980563975e+01   1.5238622128994075e+03 #xyz tv2
          -3.3114457043249999e+01  -1.5215552069999998e+01   1.5227922094999997e+03 -1 15 #xyz tv3 fid bid
          -3.7201185690000010e+01  -3.7201185690000010e+01   1.5216949216099997e+03 #xyz tv0
          -3.2485936074576493e+01  -1.5428388980563975e+01   1.5238622128994075e+03 #xyz tv1
          -2.9412369855886269e+01  -1.6469194890000001e+01   1.5290946975200000e+03 #xyz tv2
          -3.2525604967848835e+01  -1.5429360132571722e+01   1.5238670952102195e+03 -1 15 #xyz tv3 fid bid
          -3.2525604967848835e+01  -1.5429360132571722e+01   1.5238670952102195e+03 #xyz tv0
          -3.5042750669999997e+01  -3.5042750669999997e+01   1.5145795149300009e+03 #xyz tv1
          -3.2485936074576493e+01  -1.5428388980563975e+01   1.5238622128994075e+03 #xyz tv2
          -3.3114457043249999e+01  -1.5215552069999998e+01   1.5227922094999997e+03 -1 15 #xyz tv3 fid bid
          -3.2525604967848835e+01  -1.5429360132571722e+01   1.5238670952102195e+03 #xyz tv0
          -3.2485936074576493e+01  -1.5428388980563975e+01   1.5238622128994075e+03 #xyz tv1
          -3.5042750669999997e+01  -3.5042750669999997e+01   1.5145795149300009e+03 #xyz tv2
          -3.7201185690000010e+01  -3.7201185690000010e+01   1.5216949216099997e+03 -1 15 #xyz tv3 fid bid
          -3.3114457043249999e+01  -1.5215552069999998e+01   1.5227922094999997e+03 #xyz tv0
          -3.2525604967848835e+01  -1.5429360132571722e+01   1.5238670952102195e+03 #xyz tv1
          -3.2485936074576493e+01  -1.5428388980563975e+01   1.5238622128994075e+03 82 -1 #xyz tv2 fid bid
          -3.2485936074576493e+01  -1.5428388980563975e+01   1.5238622128994075e+03 #xyz tv0
          -3.2525604967848835e+01  -1.5429360132571722e+01   1.5238670952102195e+03 #xyz tv1
          -2.9412369855886269e+01  -1.6469194890000001e+01   1.5290946975200000e+03 82 -1 #xyz tv2 fid bid
          -3.2525604967848835e+01  -1.5429360132571722e+01   1.5238670952102195e+03 #xyz ev0
          -3.2485936074576493e+01  -1.5428388980563975e+01   1.5238622128994075e+03 -1 15 #xyz ev1 fid bid
   0   0.000000000000e+00   0.000000000000e+00   0.000000000000e+00 #flag location
END_ERR 
BEGIN_ERR 
26 Small mesh segment detected on body : Condutor_Unico
 Small mesh segment detected on body : Condutor_Unico 
 Segment Statistics - Number of Segments : 1 --- Segment length(s) : 0.049678mm. The cutoff frequency for S-Matrix Only Solve is 186.722658268992kHz 
2 -1  25  # nfids, fids[]
2 15  -1  # nbids, bids[]
      4 2 1 0 #ntets ntri ned npts
          -2.1919726992341085e-01   2.8228857484752769e+01   8.1533406118016353e+02 #xyz tv0
          -5.2946504757979496e-01   3.9932606853898638e+00   7.9857844765937125e+02 #xyz tv1
          -2.1941168147095283e-01   2.8228845182731881e+01   8.1538373906898198e+02 #xyz tv2
           0.0000000000000000e+00   2.8241434089999995e+01   8.1521674395621585e+02 -1 15 #xyz tv3 fid bid
          -2.1919726992341085e-01   2.8228857484752769e+01   8.1533406118016353e+02 #xyz tv0
          -2.1941168147095283e-01   2.8228845182731881e+01   8.1538373906898198e+02 #xyz tv1
          -5.2946504757979496e-01   3.9932606853898638e+00   7.9857844765937125e+02 #xyz tv2
          -1.0469192233890723e+01   2.6199643579141128e+01   8.2082351805775772e+02 -1 15 #xyz tv3 fid bid
          -1.0602548282386874e+01   3.6229635311990080e+01   8.2036544083108038e+02 #xyz tv0
          -2.1941168147095283e-01   2.8228845182731881e+01   8.1538373906898198e+02 #xyz tv1
           0.0000000000000000e+00   2.8241434089999995e+01   8.1521674395621585e+02 #xyz tv2
          -2.1919726992341085e-01   2.8228857484752769e+01   8.1533406118016353e+02 -1 15 #xyz tv3 fid bid
          -1.0469192233890723e+01   2.6199643579141128e+01   8.2082351805775772e+02 #xyz tv0
          -2.1941168147095283e-01   2.8228845182731881e+01   8.1538373906898198e+02 #xyz tv1
          -1.0602548282386874e+01   3.6229635311990080e+01   8.2036544083108038e+02 #xyz tv2
          -2.1919726992341085e-01   2.8228857484752769e+01   8.1533406118016353e+02 -1 15 #xyz tv3 fid bid
           0.0000000000000000e+00   2.8241434089999995e+01   8.1521674395621585e+02 #xyz tv0
          -2.1941168147095283e-01   2.8228845182731881e+01   8.1538373906898198e+02 #xyz tv1
          -2.1919726992341085e-01   2.8228857484752769e+01   8.1533406118016353e+02 25 -1 #xyz tv2 fid bid
          -1.0469192233890723e+01   2.6199643579141128e+01   8.2082351805775772e+02 #xyz tv0
          -2.1919726992341085e-01   2.8228857484752769e+01   8.1533406118016353e+02 #xyz tv1
          -2.1941168147095283e-01   2.8228845182731881e+01   8.1538373906898198e+02 25 -1 #xyz tv2 fid bid
          -2.1941168147095283e-01   2.8228845182731881e+01   8.1538373906898198e+02 #xyz ev0
          -2.1919726992341085e-01   2.8228857484752769e+01   8.1533406118016353e+02 -1 15 #xyz ev1 fid bid
   0   0.000000000000e+00   0.000000000000e+00   0.000000000000e+00 #flag location
END_ERR 
